"","Gene","log2FC","P.value","adj.P.value","sgnlFC"
"1","ANKRD9",-15.7386306340497,1.42491184247483e-16,3.44044964365547e-13,"-"
"2","TNFAIP2",-13.2351128691987,1.0982485311511e-16,3.44044964365547e-13,"-"
"3","HMG20B",15.4707570531613,5.94266840867725e-16,9.56571524850081e-13,"+"
"4","PRPSAP1",13.9277274732825,5.43853289270932e-15,6.56566883472333e-12,"+"
"5","MBOAT7",-16.0408340738875,7.54959707875202e-15,7.2914008586587e-12,"-"
"6","BCAR4",14.0132299590926,9.40539491765054e-15,7.56977534288908e-12,"+"
"7","ALG1L2",15.7043058033056,1.49870887096041e-14,1.0338950196954e-11,"+"
"8","GBA",-15.5452718375938,1.71375901183697e-14,1.03446778352009e-11,"-"
"9","SETDB2-PHF11",13.5174568602009,5.27817855288493e-14,2.54883242318813e-11,"+"
"10","ERCC1",-15.2112825524298,4.94030918242268e-14,2.54883242318813e-11,"-"
"11","MIR4505",-13.3652038218466,6.10950317409461e-14,2.68207189342754e-11,"-"
"12","FADD",13.2809932274198,8.08479727502282e-14,3.25345717009043e-11,"+"
"13","CD300E",-14.5958950718098,9.31213290562914e-14,3.27519791593563e-11,"-"
"14","SLC27A5",14.9395755116652,9.49529319177858e-14,3.27519791593563e-11,"+"
"15","MARVELD1",13.080850928054,1.14582766941746e-13,3.45825113476057e-11,"+"
"16","DOT1L",-15.043433582951,1.09437996790384e-13,3.45825113476057e-11,"-"
"17","TRAF3IP2",-12.9057085535047,1.45918879000136e-13,4.14495450995093e-11,"-"
"18","MYO1C",-14.5755922446919,2.39829074872566e-13,6.43408112533122e-11,"-"
"19","NTN1",-12.6672518297917,2.7584464680936e-13,7.01080947074948e-11,"-"
"20","CAPZA1",12.7090149899588,2.9425882939154e-13,7.10487943565873e-11,"+"
"21","CREB3L1",14.4527149700563,3.91641271423312e-13,8.00984990416815e-11,"+"
"22","IFFO1",-14.520120848448,4.11121674496621e-13,8.00984990416815e-11,"-"
"23","CORO1A",-14.413415016798,3.70480782890309e-13,8.00984990416815e-11,"-"
"24","SPAG7",-14.385991355976,4.14674358260932e-13,8.00984990416815e-11,"-"
"25","CARD8",-14.6058300327485,4.13428064621181e-13,8.00984990416815e-11,"-"
"26","SRSF4",14.2410604708332,6.57197942462773e-13,1.1334317371974e-10,"+"
"27","SLC31A1",12.4389146775513,6.44325769651972e-13,1.1334317371974e-10,"+"
"28","C22orf42",-14.2405503403186,6.37696380555638e-13,1.1334317371974e-10,"-"
"29","REC8",14.3498868026995,7.06804689753607e-13,1.1769516713173e-10,"+"
"30","APOC1",-13.9325956802228,1.02963937616485e-12,1.65737618250002e-10,"-"
"31","MIR4506",13.8712695744867,1.3484424064152e-12,2.10052528405774e-10,"+"
"32","COTL1",14.7160493374048,1.42563123559836e-12,2.15136663647016e-10,"+"
"33","OAS3",-13.9219773733277,1.49376197363939e-12,2.1858716880923e-10,"-"
"34","SESN1",-11.8645771530164,1.73198349576295e-12,2.45992597089391e-10,"-"
"35","GLYR1",13.75795292342,1.78397398019055e-12,2.46137438581147e-10,"+"
"36","TICAM1",13.6964893773815,2.20825037402503e-12,2.96212251560191e-10,"+"
"37","DNMT3A",14.779431682521,2.51363510843155e-12,3.07884062203849e-10,"+"
"38","POLR1B",-13.4956862479892,2.6993471577398e-12,3.07884062203849e-10,"-"
"39","XCR1",13.5646704321031,2.64295172250087e-12,3.07884062203849e-10,"+"
"40","MRPS24",-13.7702932744987,2.74156443875865e-12,3.07884062203849e-10,"-"
"41","VCPIP1",-13.799302054396,2.61259055251078e-12,3.07884062203849e-10,"-"
"42","LOC102723385",13.6173367881829,2.60915790191887e-12,3.07884062203849e-10,"+"
"43","FBXL19-AS1",11.9518610606087,2.38963500555934e-12,3.07884062203849e-10,"+"
"44","LINC01910",11.6757872204075,2.87666385627942e-12,3.15713858226667e-10,"+"
"45","AKAP2",-13.6620412500635,3.00905969106547e-12,3.22905538847892e-10,"-"
"46","CLTRN",-13.6499509352877,3.14204970571776e-12,3.2984691367198e-10,"-"
"47","SLC10A3",13.5581971105618,3.27780691039069e-12,3.36777224899503e-10,"+"
"48","CLCN7",13.3909658172521,3.71072982511419e-12,3.73314881780759e-10,"+"
"49","MIR3121",-13.4164737041577,4.19680120493619e-12,4.13599041196671e-10,"-"
"50","CD14",-13.4194696781349,4.68152322309609e-12,4.50122519902953e-10,"-"
"51","STARD10",13.3475417639565,4.7603122527621e-12,4.50122519902953e-10,"+"
"52","CLLU1",13.4066523720608,4.84706654680176e-12,4.50122519902953e-10,"+"
"53","ZNF433-AS1",-13.2952881346078,4.94025544726786e-12,4.50122519902953e-10,"-"
"54","TMEM9B-AS1",13.4785970094667,5.25106977497193e-12,4.69581776728509e-10,"+"
"55","LINC01354",13.1788622916814,5.53954289280103e-12,4.8637186598793e-10,"+"
"56","C1orf167",13.4702771666294,6.10149524728772e-12,4.99391873714447e-10,"+"
"57","FNBP1",11.5161568739095,5.91899181619313e-12,4.99391873714447e-10,"+"
"58","CCSER2",11.5760606585187,6.08013705093838e-12,4.99391873714447e-10,"+"
"59","LIMK2",-14.8156171388858,6.03184066345165e-12,4.99391873714447e-10,"-"
"60","TIGAR",11.2030903023317,6.34413739742601e-12,5.02226876920823e-10,"+"
"61","TSHZ3",11.212700054279,6.33128665027341e-12,5.02226876920823e-10,"+"
"62","MIR6737",-13.233635505027,6.75767823610358e-12,5.26335938744261e-10,"-"
"63","MIR3978",13.2367378783107,7.11619287614571e-12,5.45461831728693e-10,"+"
"64","HLA-DOA",13.144342122437,7.67453820014097e-12,5.62267751812571e-10,"+"
"65","KNL1",13.2771802835263,7.68475287215359e-12,5.62267751812571e-10,"+"
"66","ZNF267",13.1698408142094,7.471408626434e-12,5.62267751812571e-10,"+"
"67","IFI27",11.4264619072536,7.85038730850115e-12,5.65813736011225e-10,"+"
"68","DMAP1",13.0361999534811,8.41087080425558e-12,5.97295516378679e-10,"+"
"69","LOC101929452",11.0467957629849,9.11137252422566e-12,6.28554541706939e-10,"+"
"70","GTPBP2",-13.0711010191158,9.02966724351697e-12,6.28554541706939e-10,"-"
"71","TNFAIP8L2-SCNM1",-13.0837885483544,9.41508954397226e-12,6.31464825108917e-10,"-"
"72","LOC101927269",13.0274824206223,9.40573934810776e-12,6.31464825108917e-10,"+"
"73","CTBP1-DT",11.084479343811,9.63645161131772e-12,6.3745787439799e-10,"+"
"74","LOC101928441",-11.0160971764298,1.00099211872171e-11,6.53214992068533e-10,"-"
"75","FASN",13.1906296500098,1.11376135962772e-11,7.17113814085635e-10,"+"
"76","KLHL15",-13.1709095619166,1.1335541498914e-11,7.20254340766521e-10,"-"
"77","CCDC57",12.9046917406436,1.16530642195795e-11,7.30813598913629e-10,"+"
"78","CCL4L1",-12.8460383889149,1.22225618800067e-11,7.43078054525314e-10,"-"
"79","TOMM40",-12.8585824041904,1.20568143447185e-11,7.43078054525314e-10,"-"
"80","MRGBP",12.9426053343585,1.23102597560624e-11,7.43078054525314e-10,"+"
"81","MAPK8IP1",10.8841891265984,1.41978010335355e-11,8.46434335690652e-10,"+"
"82","UBE2Z",12.9868399750285,1.51020699302615e-11,8.78649345701602e-10,"+"
"83","NXT1",-12.9841696906525,1.5090477852503e-11,8.78649345701602e-10,"-"
"84","GTF3A",12.9747171646879,1.585698940792e-11,9.11588117271975e-10,"+"
"85","INCENP",12.7846872241648,1.69112107505398e-11,9.49584147841357e-10,"+"
"86","MAPK1IP1L",12.9808086165699,1.6816402413541e-11,9.49584147841357e-10,"+"
"87","TMEM114",12.933016377377,1.74713583902537e-11,9.69760800764772e-10,"+"
"88","ZNF664",-12.8524084589128,1.821642317377e-11,9.99626221660626e-10,"-"
"89","GLE1",12.8584693545316,1.95115451267709e-11,1.05783158301747e-09,"+"
"90","DGCR2",14.7944143625951,1.97152293376625e-11,1.05783158301747e-09,"+"
"91","PQLC2",11.0724242791778,2.02363556538271e-11,1.06072527385866e-09,"+"
"92","GAREM2",12.8907786518379,2.04281322155425e-11,1.06072527385866e-09,"+"
"93","WDR25",-14.8425416020742,2.00808640621404e-11,1.06072527385866e-09,"-"
"94","DYSF",12.5138958734407,2.22167085422424e-11,1.1413243143669e-09,"+"
"95","SP140L",-12.6612642825074,2.29204526753469e-11,1.16508279967632e-09,"-"
"96","ZDHHC17",-12.7041904775117,2.43015394927383e-11,1.22241806469201e-09,"-"
"97","AMPD2",12.5482497184654,2.54461726786464e-11,1.26679966871323e-09,"+"
"98","LOC101929709",14.8826292690934,2.66007543388746e-11,1.30829555697725e-09,"+"
"99","TBC1D24",12.579404156384,2.68215490040895e-11,1.30829555697725e-09,"+"
"100","NYX",14.8499246229636,2.8576149479652e-11,1.37994225837239e-09,"+"
"101","STAMBP",12.480205345479,2.95640857223801e-11,1.4135145539938e-09,"+"
"102","GPAA1",12.6813559433728,3.07242397418703e-11,1.44045974479118e-09,"+"
"103","MT1E",12.4859473059228,3.06383817452185e-11,1.44045974479118e-09,"+"
"104","KCNN4",12.4882940815943,3.18942618285305e-11,1.47060988202012e-09,"+"
"105","DNMT3L",-12.5300459756206,3.19764004166728e-11,1.47060988202012e-09,"-"
"106","MIR26B",-12.4866911278437,3.54674286995509e-11,1.60067488962739e-09,"-"
"107","GSDMC",-12.5123091948642,3.54656433297136e-11,1.60067488962739e-09,"-"
"108","AMBRA1",12.4695351036046,3.70788084640121e-11,1.64269326672215e-09,"+"
"109","VSIG10L",12.4695351036046,3.70788084640121e-11,1.64269326672215e-09,"+"
"110","SPTBN4",12.5092715050708,3.76296983775142e-11,1.65194375877287e-09,"+"
"111","LINC01934",12.4203529469872,3.86551721949108e-11,1.66076217989693e-09,"+"
"112","SLC15A2",12.6149228203539,3.84705302828973e-11,1.66076217989693e-09,"+"
"113","LTB4R",-12.5698740575396,3.88623164896155e-11,1.66076217989693e-09,"-"
"114","ICAM2",-12.375670605816,3.97057754942004e-11,1.68192271808328e-09,"-"
"115","PER1",-15.863634488895,4.04603311796092e-11,1.69898208057681e-09,"-"
"116","PLEKHB2",12.4830161470328,4.18138424406146e-11,1.72580380466434e-09,"+"
"117","EPS8L1",12.6639784817822,4.16638695279371e-11,1.72580380466434e-09,"+"
"118","EIF4EBP3",-12.3566186808102,4.28944695754584e-11,1.74065036621755e-09,"-"
"119","GNPTAB",-12.3566186808102,4.28944695754584e-11,1.74065036621755e-09,"-"
"120","BMP10",-13.3870259502754,4.44286685285943e-11,1.78788366937151e-09,"-"
"121","LOXL3",-12.2225423030394,4.6036081532205e-11,1.82219866982802e-09,"-"
"122","CEP192",-12.2302874515131,4.59154667696544e-11,1.82219866982802e-09,"-"
"123","VAT1",-12.2991507974476,4.76393195687483e-11,1.87032743249988e-09,"-"
"124","GOLGA7",-12.2248317705345,4.80931714823568e-11,1.8729187507121e-09,"-"
"125","PURB",12.4770298191235,5.06909740465024e-11,1.93550458104994e-09,"+"
"126","MIR1237",-12.3892589602298,5.09026882984763e-11,1.93550458104994e-09,"-"
"127","STX10",-12.3015803370737,5.05448988122153e-11,1.93550458104994e-09,"-"
"128","GSPT1",12.3281081091033,5.28608867888185e-11,1.99425954924379e-09,"+"
"129","LOC100506476",12.2728136248561,5.39804810049235e-11,2.02071118428508e-09,"+"
"130","LRRC20",12.173825103665,5.44064464450987e-11,2.02099022987217e-09,"+"
"131","OSM",-12.2681513817834,5.51056184193566e-11,2.03133611715323e-09,"-"
"132","FZD2",12.1992359266928,5.5693140365571e-11,2.0374407183738e-09,"+"
"133","USP2",-12.2870797342044,6.14137600829853e-11,2.22982742436643e-09,"-"
"134","PER3",12.1283758678951,6.4000176228682e-11,2.30639441050974e-09,"+"
"135","NDEL1",14.0890373717644,6.5663829712944e-11,2.34881950876894e-09,"+"
"136","GRB2",-14.6656192182332,6.65929756838823e-11,2.35384095200453e-09,"-"
"137","GAA",-15.0832919664793,6.71909415200368e-11,2.35384095200453e-09,"-"
"138","SPACA4",12.2623496048475,6.72665254455633e-11,2.35384095200453e-09,"+"
"139","BCL6",13.7054910300005,6.81576218275151e-11,2.36786443025231e-09,"+"
"140","CPNE5",-12.0272681782063,7.3219597542439e-11,2.52555311808884e-09,"-"
"141","SWAP70",-13.3465133623973,7.3956900709292e-11,2.53289272003667e-09,"-"
"142","SPATA13-AS1",13.951991002604,7.54984506956274e-11,2.56747900288158e-09,"+"
"143","H1FNT",13.6839080116819,7.61200386018524e-11,2.57051514970871e-09,"+"
"144","ERRFI1",12.0864845666476,7.94495497388511e-11,2.61065394921315e-09,"+"
"145","LOC102546229",12.1196697160817,7.87722664070213e-11,2.61065394921315e-09,"+"
"146","KMT2C",-12.148451059802,7.92179534192017e-11,2.61065394921315e-09,"-"
"147","LRRC37A3",12.2207908981727,7.94711390628147e-11,2.61065394921315e-09,"+"
"148","CD52",-12.058795425136,8.0095314563447e-11,2.61338022991139e-09,"-"
"149","TBC1D25",-11.977043729044,8.99888342131531e-11,2.91648376117662e-09,"-"
"150","ZZEF1",14.050484817063,9.18109000926124e-11,2.95390905401019e-09,"+"
"151","RAI1-AS1",-11.9964868983357,9.23670050021825e-11,2.95390905401019e-09,"-"
"152","ZNF598",-11.9182164192215,1.00032556594763e-10,3.17800799865863e-09,"-"
"153","RPEL1",11.8774562150807,1.05250657774302e-10,3.30035991163703e-09,"+"
"154","LOC101927539",-11.9286882164237,1.0492972289975e-10,3.30035991163703e-09,"-"
"155","GBGT1",11.9697218173703,1.06005565492664e-10,3.3025862952521e-09,"+"
"156","GLIPR2",-15.0633736185984,1.09381534628538e-10,3.38591942770005e-09,"-"
"157","VPS13D",13.3183654382456,1.17631541705468e-10,3.59520705630193e-09,"+"
"158","ZGLP1",-11.8064603101092,1.17381687867898e-10,3.59520705630193e-09,"-"
"159","MILR1",11.894915859854,1.19144070058724e-10,3.61853279442502e-09,"+"
"160","GDE1",11.8107141237557,1.22802626235824e-10,3.68331603784344e-09,"+"
"161","FLOT2",-11.7616832789365,1.22226597770343e-10,3.68331603784344e-09,"-"
"162","MIR4323",11.756475072569,1.26732938204699e-10,3.77329366583543e-09,"+"
"163","MIR8085",11.92091331215,1.27365265589392e-10,3.77329366583543e-09,"+"
"164","MTO1",12.0137944630014,1.2955090099445e-10,3.81464207867194e-09,"+"
"165","H2AFV",11.8179984548267,1.31586288968433e-10,3.85109205714281e-09,"+"
"166","MIR197",11.7438181393761,1.37314805904686e-10,3.98609294402559e-09,"+"
"167","EML4",14.0736372178807,1.37849973421469e-10,3.98609294402559e-09,"+"
"168","SPATC1",-11.6698960353223,1.40829290962944e-10,4.04800384559558e-09,"-"
"169","ELMO1-AS1",12.708067959816,1.42702454942976e-10,4.07757488118124e-09,"+"
"170","MIR5093",11.7823945800856,1.44899190157709e-10,4.11598934865634e-09,"+"
"171","IER5L",11.7728882070211,1.45819672311313e-10,4.1179134362066e-09,"+"
"172","CLBA1",11.8765359244985,1.46897416734302e-10,4.12423038029037e-09,"+"
"173","COLGALT1",12.305155267468,1.52446568912461e-10,4.25528601894956e-09,"+"
"174","SNCA-AS1",-11.6928133627978,1.56041020309979e-10,4.33058670733845e-09,"-"
"175","DOK2",-11.6955753503618,1.57421891661016e-10,4.34394465617742e-09,"-"
"176","CD1D",-11.7601897748616,1.59919629005348e-10,4.38779482083423e-09,"-"
"177","LOC100507006",-11.6394341258665,1.60842523925923e-10,4.38818388722193e-09,"-"
"178","HTT-AS",11.6318150170961,1.66688678827875e-10,4.44585691944094e-09,"+"
"179","CEMIP2",-14.0009742707105,1.67559734797733e-10,4.44585691944094e-09,"-"
"180","ADPGK-AS1",11.6318150170961,1.66688678827875e-10,4.44585691944094e-09,"+"
"181","SMCR2",11.6928282479159,1.64933010857821e-10,4.44585691944094e-09,"+"
"182","STAT5B",-11.693093221697,1.6615369544566e-10,4.44585691944094e-09,"-"
"183","KCNIP2",-14.1916084914295,1.71374415289079e-10,4.52222432475936e-09,"-"
"184","CLIP4",-12.7785665120182,1.77807536538245e-10,4.66648148882166e-09,"-"
"185","LOC151484",11.6723791161059,1.82584948393913e-10,4.68990806273514e-09,"+"
"186","LINC00484",13.8025060394852,1.80651238293747e-10,4.68990806273514e-09,"+"
"187","FAM192A",11.6723791161059,1.82584948393913e-10,4.68990806273514e-09,"+"
"188","GLA",11.6542817215539,1.82164379090325e-10,4.68990806273514e-09,"+"
"189","BRF1",11.6380472049435,1.85819038686816e-10,4.74772559692399e-09,"+"
"190","INTS3",15.3811377094361,1.88553806310032e-10,4.79224384563761e-09,"+"
"191","ARHGEF2",-14.6372700192172,1.90936589635818e-10,4.8022541216217e-09,"-"
"192","SOX14",-11.6331494514029,1.90877504769761e-10,4.8022541216217e-09,"-"
"193","F12",11.7274302754031,1.96715010890379e-10,4.92195226730383e-09,"+"
"194","ABTB1",-13.9343991618239,2.06820258376256e-10,5.14811869947908e-09,"-"
"195","LINC02363",-14.4828961057252,2.10307126164794e-10,5.18149547066221e-09,"-"
"196","PKM",11.5130277755881,2.10025871002317e-10,5.18149547066221e-09,"+"
"197","SNX11",11.5346867311013,2.12560798243787e-10,5.21043702903172e-09,"+"
"198","RHBG",11.5654239631204,2.19949341930994e-10,5.31067686092386e-09,"+"
"199","ITGA5",-11.5142293544212,2.1972532824574e-10,5.31067686092386e-09,"-"
"200","ISOC2",11.5654239631204,2.19949341930994e-10,5.31067686092386e-09,"+"
"201","EMID1",11.5014012571714,2.21104351404004e-10,5.31200454193998e-09,"+"
"202","PDIK1L",11.4838932624938,2.29249721315704e-10,5.48043021897789e-09,"+"
"203","KIF9",-11.4239183476395,2.44151532005064e-10,5.80791994114509e-09,"-"
"204","UBR5-AS1",11.6504183205631,2.47365360838223e-10,5.81924796801478e-09,"+"
"205","NDUFS3",-13.9931417068166,2.47337906815725e-10,5.81924796801478e-09,"-"
"206","PAK1",12.6933928366509,2.48242924293031e-10,5.81924796801478e-09,"+"
"207","PRCC",-11.3896150536784,2.50827518759386e-10,5.85143037724192e-09,"-"
"208","HINT3",-11.3720653255725,2.61106569114235e-10,5.98990743315284e-09,"-"
"209","MIR8086",-11.3720653255725,2.61106569114235e-10,5.98990743315284e-09,"-"
"210","PRM1",11.5132131446405,2.61725091819269e-10,5.98990743315284e-09,"+"
"211","MIR548AA2",11.5132131446405,2.61725091819269e-10,5.98990743315284e-09,"+"
"212","COP1",-11.4582458388069,2.73600349378988e-10,6.23215135448649e-09,"-"
"213","YDJC",11.3817847922971,2.80501139280316e-10,6.35934273044434e-09,"+"
"214","PRPF38B",11.3565738457895,2.95645946754069e-10,6.64034547383907e-09,"+"
"215","ELK4",11.3565738457895,2.95645946754069e-10,6.64034547383907e-09,"+"
"216","RAB1A",12.7570115414128,3.07878730486259e-10,6.72735922858889e-09,"+"
"217","ZBTB9",11.4922655259478,3.01492629311407e-10,6.72735922858889e-09,"+"
"218","PRICKLE4",11.3672835447384,3.02908951290408e-10,6.72735922858889e-09,"+"
"219","BHLHE41",12.5343389251928,3.05065142658979e-10,6.72735922858889e-09,"+"
"220","ASIC1",11.4540870324051,3.07471493451816e-10,6.72735922858889e-09,"+"
"221","CSNK1E",11.4540870324051,3.07471493451816e-10,6.72735922858889e-09,"+"
"222","TSSK3",-11.3701761797445,3.19310760208087e-10,6.91458143966302e-09,"-"
"223","ANTXRL",-11.3701761797445,3.19310760208087e-10,6.91458143966302e-09,"-"
"224","CP",-11.2484452735561,3.29615425626126e-10,7.05764008255231e-09,"-"
"225","LHFPL3-AS2",-11.255625810918,3.29945156735687e-10,7.05764008255231e-09,"-"
"226","CSTF2T",-11.2356016864204,3.30301648096257e-10,7.05764008255231e-09,"-"
"227","INPP4A",12.8656392289831,3.3513145456954e-10,7.11232956843717e-09,"+"
"228","CCDC12",12.2828856094434,3.35806821620144e-10,7.11232956843717e-09,"+"
"229","UBE2D3",11.3537640251163,3.45356668698813e-10,7.28265219714658e-09,"+"
"230","ENPEP",-11.2372844906697,3.50421238644175e-10,7.35732244092487e-09,"-"
"231","ANAPC13",-11.2029268033552,3.57266852908324e-10,7.43638634782025e-09,"-"
"232","PSMG4",-11.2029268033552,3.57266852908324e-10,7.43638634782025e-09,"-"
"233","KLF2",14.4944500173524,3.69398087920046e-10,7.65589427710687e-09,"+"
"234","LOC101927497",11.3497573124185,3.75224425964767e-10,7.74341347429e-09,"+"
"235","CXXC5",11.19929989206,3.7897747659884e-10,7.78758397657786e-09,"+"
"236","HPS5",11.2447638137707,3.85954297848445e-10,7.88319544860595e-09,"+"
"237","RCAN1",11.1956748481373,3.86895282940486e-10,7.88319544860595e-09,"+"
"238","BAIAP2-DT",11.267625308498,3.92427832678688e-10,7.96232774792178e-09,"+"
"239","PLOD1",-11.2366967505495,4.04869243082825e-10,8.18039152655632e-09,"-"
"240","DCAKD",11.2876380026492,4.09163654085001e-10,8.23271368990195e-09,"+"
"241","LOC100506585",12.2781745954613,4.15643648583399e-10,8.32839493364828e-09,"+"
"242","YWHAE",-13.4477031525078,4.2836336168218e-10,8.54779617174896e-09,"-"
"243","CHMP2B",11.1629225761337,4.34712128854613e-10,8.63878547423427e-09,"+"
"244","MPI",11.1650062990309,4.4593206666045e-10,8.82543422091522e-09,"+"
"245","COG2",-11.1578757707052,4.54012367918485e-10,8.91334237049293e-09,"-"
"246","CDC42EP2",-13.4500014912992,4.54065484187463e-10,8.91334237049293e-09,"-"
"247","LOC101928597",-11.2259797660445,4.59228936210919e-10,8.94200214904245e-09,"-"
"248","EIF2AK4",-11.2259797660445,4.59228936210919e-10,8.94200214904245e-09,"-"
"249","RAB20",11.1791557123543,4.66914495852109e-10,9.01892040187934e-09,"+"
"250","PLIN3",11.1791557123543,4.66914495852109e-10,9.01892040187934e-09,"+"
"251","C1S",11.2354495841477,4.71275937063812e-10,9.06018033851915e-09,"+"
"252","C1R",-11.1460974959252,4.74679152131983e-10,9.06018033851915e-09,"-"
"253","SNRPA",-11.1460974959252,4.74679152131983e-10,9.06018033851915e-09,"-"
"254","NPLOC4",11.0874157642736,4.8688976419028e-10,9.25665618612151e-09,"+"
"255","PLCD1",14.1276636162234,4.96891353723745e-10,9.40975822404691e-09,"+"
"256","ADGRG7",-11.0190127539075,5.05670650455958e-10,9.46466500407682e-09,"-"
"257","MIR548Q",-11.0190127539075,5.05670650455958e-10,9.46466500407682e-09,"-"
"258","CITED1",-11.0190127539075,5.05670650455958e-10,9.46466500407682e-09,"-"
"259","TMPRSS15",11.1939881499922,5.09014173858141e-10,9.49046117977205e-09,"+"
"260","ANKRD55",-12.4302338702215,5.11668629858186e-10,9.50326082148147e-09,"-"
"261","LOC100507464",-11.1273843268249,5.24905851321996e-10,9.69156942505793e-09,"-"
"262","PRTFDC1",11.0343249496892,5.25821327265516e-10,9.69156942505793e-09,"+"
"263","LOC101927419",11.1043041458377,5.59143586500484e-10,1.02276681030714e-08,"+"
"264","C12orf43",11.1043041458377,5.59143586500484e-10,1.02276681030714e-08,"+"
"265","LOC101927690",-10.9791748103655,5.65336810848248e-10,1.03019300361743e-08,"-"
"266","ALPL",10.9820937834456,5.89267732066654e-10,1.06575800679771e-08,"+"
"267","GDI2",-15.1867920471059,5.88532573503123e-10,1.06575800679771e-08,"-"
"268","C1QTNF8",10.9743687932914,6.09438847395805e-10,1.09812693808744e-08,"+"
"269","DPYD",11.0161188699637,6.51572637143115e-10,1.16167907487052e-08,"+"
"270","MIR4263",10.9863108560813,6.51925925222429e-10,1.16167907487052e-08,"+"
"271","PRG3",10.9207435694842,6.49938215021607e-10,1.16167907487052e-08,"+"
"272","LOC283710",12.3832808678324,6.55585458131617e-10,1.16390521224911e-08,"+"
"273","PDE7A",-10.8996415798769,6.67893955265719e-10,1.17710215692634e-08,"-"
"274","LOC100506869",-10.8685275728944,6.65612709446817e-10,1.17710215692634e-08,"-"
"275","DLD",10.900465164635,6.81567126021746e-10,1.19563226214498e-08,"+"
"276","CYLD",-10.8615222763043,6.83359917896072e-10,1.19563226214498e-08,"-"
"277","TEX35",-10.9760050795872,7.04887135514906e-10,1.22442445230269e-08,"-"
"278","ICAM1",-10.9760050795872,7.04887135514906e-10,1.22442445230269e-08,"-"
"279","SUV39H2",-10.8938443030715,7.45110635807669e-10,1.27142730046475e-08,"-"
"280","STAT6",-10.8938443030715,7.45110635807669e-10,1.27142730046475e-08,"-"
"281","IL16",11.0479945683309,7.40871314042704e-10,1.27142730046475e-08,"+"
"282","WHAMM",11.0479945683309,7.40871314042704e-10,1.27142730046475e-08,"+"
"283","SOX8",10.9008377439746,7.39317594416101e-10,1.27142730046475e-08,"+"
"284","RALGDS",10.85764120767,7.60595004114417e-10,1.28874149995387e-08,"+"
"285","PPM1N",10.8352724978371,7.59213534417655e-10,1.28874149995387e-08,"+"
"286","IFT88",10.8325435386273,7.80528009453537e-10,1.30421098880662e-08,"+"
"287","ABAT",10.8325435386273,7.80528009453537e-10,1.30421098880662e-08,"+"
"288","LLGL2",10.8325435386273,7.80528009453537e-10,1.30421098880662e-08,"+"
"289","FCER2",10.8325435386273,7.80528009453537e-10,1.30421098880662e-08,"+"
"290","SPIN1",10.9002979580917,7.91593867352734e-10,1.31814027084357e-08,"+"
"291","MIR4648",12.6332233351508,7.96386684883276e-10,1.32156402106575e-08,"+"
"292","COL4A2-AS2",-14.0202822095349,8.27696812624263e-10,1.368817776768e-08,"-"
"293","CWC27",-10.7620489797935,8.33047888014871e-10,1.37296527345523e-08,"-"
"294","ZMYM3",10.7285250417958,9.58339904793848e-10,1.5740895919216e-08,"+"
"295","SPIB",10.7860621934052,9.63654062841227e-10,1.57745270151196e-08,"+"
"296","AADACL4",10.6946512545295,9.94053119618999e-10,1.62171706575681e-08,"+"
"297","ARMC2",12.1312996362957,1.00913029674845e-09,1.62741644324839e-08,"+"
"298","HHIPL1",-10.644507933708,1.01439707893511e-09,1.62741644324839e-08,"-"
"299","SPAG9",-10.644507933708,1.01439707893511e-09,1.62741644324839e-08,"-"
"300","ASIP",13.2031669701189,1.00315361014298e-09,1.62741644324839e-08,"+"
"301","SPATA2",13.1225130025694,1.01054249461624e-09,1.62741644324839e-08,"+"
"302","SLC35E2A",10.6858498994243,1.07146209001783e-09,1.69642309268725e-08,"+"
"303","NAB1",10.6858498994243,1.07146209001783e-09,1.69642309268725e-08,"+"
"304","NCOA7-AS1",10.6858498994243,1.07146209001783e-09,1.69642309268725e-08,"+"
"305","LOC101927018",10.6858498994243,1.07146209001783e-09,1.69642309268725e-08,"+"
"306","RPL32",12.9728860668431,1.13110723323243e-09,1.78500549976451e-08,"+"
"307","SLC50A1",14.4313129767378,1.15805250323769e-09,1.80560359004808e-08,"+"
"308","SEC24D",-10.6022151324254,1.17781141202142e-09,1.80560359004808e-08,"-"
"309","LOC101926963",10.670972558368,1.16729634093237e-09,1.80560359004808e-08,"+"
"310","LSMEM1",-10.688888811633,1.15574228289064e-09,1.80560359004808e-08,"-"
"311","GSC",-10.6022151324254,1.17781141202142e-09,1.80560359004808e-08,"-"
"312","MIR631",10.670972558368,1.16729634093237e-09,1.80560359004808e-08,"+"
"313","CCBE1",-10.688888811633,1.15574228289064e-09,1.80560359004808e-08,"-"
"314","CACTIN",10.670972558368,1.16729634093237e-09,1.80560359004808e-08,"+"
"315","SNORA80A",-10.6022151324254,1.17781141202142e-09,1.80560359004808e-08,"-"
"316","MAPK1",12.3188911535488,1.18363717440518e-09,1.80879237822867e-08,"+"
"317","CRYBA1",-12.9552360127574,1.19276705674417e-09,1.81699435868063e-08,"-"
"318","LOC100507564",-10.5192461893894,1.29977217849666e-09,1.94925461178893e-08,"-"
"319","PLEKHA2",-11.9849431075871,1.29384939684923e-09,1.94925461178893e-08,"-"
"320","DOCK1",-10.5192461893894,1.29977217849666e-09,1.94925461178893e-08,"-"
"321","KCNK13",-10.5192461893894,1.29977217849666e-09,1.94925461178893e-08,"-"
"322","KCNJ2",-10.5192461893894,1.29977217849666e-09,1.94925461178893e-08,"-"
"323","RGS3",10.5353403801291,1.37186679066907e-09,2.03838299450491e-08,"+"
"324","ALDH3B1",10.5353403801291,1.37186679066907e-09,2.03838299450491e-08,"+"
"325","DCN",10.5353403801291,1.37186679066907e-09,2.03838299450491e-08,"+"
"326","SIN3B",12.5027502104693,1.39072362356949e-09,2.06006269270461e-08,"+"
"327","ITPRID2",10.5287516729253,1.43948256210398e-09,2.11928697939028e-08,"+"
"328","FOXH1",10.5287516729253,1.43948256210398e-09,2.11928697939028e-08,"+"
"329","FGD4",-13.073009486418,1.49452954023053e-09,2.1936422947639e-08,"-"
"330","PLCH2",10.4670796161608,1.53204423440882e-09,2.19532391927602e-08,"+"
"331","RGS13",10.4670796161608,1.53204423440882e-09,2.19532391927602e-08,"+"
"332","MSANTD1",12.8178667681139,1.5198072618271e-09,2.19532391927602e-08,"+"
"333","LRRC70",10.4670796161608,1.53204423440882e-09,2.19532391927602e-08,"+"
"334","OAS1",13.278510259235,1.51655433793781e-09,2.19532391927602e-08,"+"
"335","RASA3",-14.3203817211184,1.51932265844668e-09,2.19532391927602e-08,"-"
"336","DUSP14",10.5230740900118,1.50612901107701e-09,2.19532391927602e-08,"+"
"337","LYPD3",10.4670796161608,1.53204423440882e-09,2.19532391927602e-08,"+"
"338","CTH",10.4440851840059,1.63493032867048e-09,2.30177217409614e-08,"+"
"339","SH3RF2",10.4440851840059,1.63493032867048e-09,2.30177217409614e-08,"+"
"340","MEPCE",10.4440851840059,1.63493032867048e-09,2.30177217409614e-08,"+"
"341","LINC00618",10.4440851840059,1.63493032867048e-09,2.30177217409614e-08,"+"
"342","URI1",10.4440851840059,1.63493032867048e-09,2.30177217409614e-08,"+"
"343","PIM3",-13.9166222034039,1.6319730351333e-09,2.30177217409614e-08,"-"
"344","VHL",13.8569682759303,1.64093191905864e-09,2.30350588288784e-08,"+"
"345","GYPA",-10.3973558060484,1.66072233361343e-09,2.31781160376279e-08,"-"
"346","MIR511",-10.3973558060484,1.66072233361343e-09,2.31781160376279e-08,"-"
"347","SUPT3H",12.0440066783125,1.66770076955658e-09,2.32084352051548e-08,"+"
"348","BCL2L11",13.3212534992373,1.71591717478307e-09,2.38108161983547e-08,"+"
"349","NR2F2",-13.6212915625338,1.7913252280858e-09,2.47859871817374e-08,"-"
"350","ZNF852",10.4093966051471,1.82309051046193e-09,2.48692205509058e-08,"+"
"351","LINC01947",10.374688656531,1.80916338926253e-09,2.48692205509058e-08,"+"
"352","PLPP4",10.374688656531,1.80916338926253e-09,2.48692205509058e-08,"+"
"353","CACNG5",10.4093966051471,1.82309051046193e-09,2.48692205509058e-08,"+"
"354","MAPRE1",10.4093966051471,1.82309051046193e-09,2.48692205509058e-08,"+"
"355","MATN1-AS1",-13.8057922913292,1.85167713858127e-09,2.51589753391171e-08,"-"
"356","PAX8-AS1",13.0237244759815,1.8547515470544e-09,2.51589753391171e-08,"+"
"357","AOAH-IT1",-11.8762320539781,1.97970058445674e-09,2.67786389981557e-08,"-"
"358","MIR6823",13.1221642732603,2.00378910717997e-09,2.70287642418214e-08,"+"
"359","CKAP2L",12.8504139454538,2.11515614668524e-09,2.84515014828496e-08,"+"
"360","LINC02375",-10.2473582290488,2.19725954811285e-09,2.91499075764751e-08,"-"
"361","TXNDC16",-10.2473582290488,2.19725954811285e-09,2.91499075764751e-08,"-"
"362","FAM81A",-10.2473582290488,2.19725954811285e-09,2.91499075764751e-08,"-"
"363","DBF4B",-10.2473582290488,2.19725954811285e-09,2.91499075764751e-08,"-"
"364","IFNAR2",13.0991652571346,2.17427306055704e-09,2.91499075764751e-08,"+"
"365","LINC00910",13.5638362567631,2.24032134763768e-09,2.96397583225818e-08,"+"
"366","DPYD-AS2",11.0697809653,2.31318699202169e-09,3.0520163892002e-08,"+"
"367","USP48",10.2524016193487,2.35231694884723e-09,3.06028217257875e-08,"+"
"368","CHST13",10.2524016193487,2.35231694884723e-09,3.06028217257875e-08,"+"
"369","SYNCRIP",10.2524016193487,2.35231694884723e-09,3.06028217257875e-08,"+"
"370","PNRC1",-12.9784411427996,2.35747560198653e-09,3.06028217257875e-08,"-"
"371","AIRE",10.2524016193487,2.35231694884723e-09,3.06028217257875e-08,"+"
"372","DIP2A-IT1",10.2524016193487,2.35231694884723e-09,3.06028217257875e-08,"+"
"373","CFAP74",10.2170899654458,2.55067621412116e-09,3.21598314307861e-08,"+"
"374","LOC105378663",10.2170899654458,2.55067621412116e-09,3.21598314307861e-08,"+"
"375","LINC01235",10.2170899654458,2.55067621412116e-09,3.21598314307861e-08,"+"
"376","TRIM29",10.2170899654458,2.55067621412116e-09,3.21598314307861e-08,"+"
"377","LOC101928416",10.2170899654458,2.55067621412116e-09,3.21598314307861e-08,"+"
"378","GAS6",10.2170899654458,2.55067621412116e-09,3.21598314307861e-08,"+"
"379","UBALD1",10.2170899654458,2.55067621412116e-09,3.21598314307861e-08,"+"
"380","ZNF646",10.2170899654458,2.55067621412116e-09,3.21598314307861e-08,"+"
"381","MYOCD",10.2170899654458,2.55067621412116e-09,3.21598314307861e-08,"+"
"382","CD22",10.2170899654458,2.55067621412116e-09,3.21598314307861e-08,"+"
"383","LINC01718",10.2170899654458,2.55067621412116e-09,3.21598314307861e-08,"+"
"384","MIR548K",10.1690383713943,2.67940672040792e-09,3.34337339866921e-08,"+"
"385","CPNE8",10.1690383713943,2.67940672040792e-09,3.34337339866921e-08,"+"
"386","SPNS3",10.1690383713943,2.67940672040792e-09,3.34337339866921e-08,"+"
"387","PICSAR",10.1690383713943,2.67940672040792e-09,3.34337339866921e-08,"+"
"388","SCAMP1",13.0407965304992,2.74467241554669e-09,3.41598533367912e-08,"+"
"389","MIR551A",10.1064826199643,3.08620003472412e-09,3.73515287410596e-08,"+"
"390","AMY2A",10.1064826199643,3.08620003472412e-09,3.73515287410596e-08,"+"
"391","SPRR4",10.1064826199643,3.08620003472412e-09,3.73515287410596e-08,"+"
"392","SEC22A",10.1064826199643,3.08620003472412e-09,3.73515287410596e-08,"+"
"393","KAT6A",-13.0180268755892,3.06330429359785e-09,3.73515287410596e-08,"-"
"394","MIR3150BHG",10.1064826199643,3.08620003472412e-09,3.73515287410596e-08,"+"
"395","CUL2",13.443026740218,3.07867387866511e-09,3.73515287410596e-08,"+"
"396","SLC16A12-AS1",10.1064826199643,3.08620003472412e-09,3.73515287410596e-08,"+"
"397","ANO3",10.1064826199643,3.08620003472412e-09,3.73515287410596e-08,"+"
"398","MIR6881",10.1064826199643,3.08620003472412e-09,3.73515287410596e-08,"+"
"399","LYRM9",10.1064826199643,3.08620003472412e-09,3.73515287410596e-08,"+"
"400","RFLNB",12.8687243760533,3.15159283215496e-09,3.80476044661907e-08,"+"
"401","RLF",-14.3674290879863,3.17803570419215e-09,3.81893240640407e-08,"-"
"402","HECA",-14.1683764368962,3.17914853463334e-09,3.81893240640407e-08,"-"
"403","CKM",-12.5860990117598,3.20429809316499e-09,3.83959193347239e-08,"-"
"404","PSD3",12.0719368940641,3.24146906557797e-09,3.87451834595941e-08,"+"
"405","EPOP",12.4781780609135,3.28305027493648e-09,3.91453080930081e-08,"+"
"406","MIR484",13.5675024815505,3.33746055268105e-09,3.96960517460512e-08,"+"
"407","CSMD3",-13.304213148147,3.45394690463947e-09,4.09806132739657e-08,"-"
"408","TMEM185B",13.3733668757963,3.48544834965705e-09,4.12530149031713e-08,"+"
"409","SEMA4D",-12.5584834373679,3.53807304170176e-09,4.17734834190166e-08,"-"
"410","NEFH",12.6427025316876,3.58189354282633e-09,4.21877168739228e-08,"+"
"411","PPM1M",-13.5619017464514,3.62178834341282e-09,4.25538100008284e-08,"-"
"412","GLUL",-12.8010212137018,3.70946188913856e-09,4.32778028509355e-08,"-"
"413","SNX9",-12.3134052473945,3.70850442502704e-09,4.32778028509355e-08,"-"
"414","PSTPIP1",-13.5416224692001,3.71029413549126e-09,4.32778028509355e-08,"-"
"415","EYA3",-13.1435090755918,3.81850528932057e-09,4.4432679619588e-08,"-"
"416","FCGR2A",13.4008622692724,4.08248042428457e-09,4.73901393482457e-08,"+"
"417","SNRPC",-12.5528468547468,4.14894503023332e-09,4.80461763812871e-08,"-"
"418","MIR2909",12.7684861924857,4.18558469249508e-09,4.83545178948774e-08,"+"
"419","KSR1",-12.7723589422052,4.19734508589676e-09,4.83746525532111e-08,"-"
"420","SERPINI1",-13.494534791192,4.21565178757751e-09,4.84699582909804e-08,"-"
"421","MIR4689",9.8549550504289,4.86847558205859e-09,5.27127098335447e-08,"+"
"422","LRP8",9.8549550504289,4.86847558205859e-09,5.27127098335447e-08,"+"
"423","C2orf40",9.8549550504289,4.86847558205859e-09,5.27127098335447e-08,"+"
"424","GRB14",9.8549550504289,4.86847558205859e-09,5.27127098335447e-08,"+"
"425","MYO3B-AS1",9.8549550504289,4.86847558205859e-09,5.27127098335447e-08,"+"
"426","PDE1A",9.8549550504289,4.86847558205859e-09,5.27127098335447e-08,"+"
"427","KLHL30",9.8549550504289,4.86847558205859e-09,5.27127098335447e-08,"+"
"428","FBLN2",9.8549550504289,4.86847558205859e-09,5.27127098335447e-08,"+"
"429","MIR4443",9.8549550504289,4.86847558205859e-09,5.27127098335447e-08,"+"
"430","PTPRG",9.8549550504289,4.86847558205859e-09,5.27127098335447e-08,"+"
"431","MIR548AB",9.8549550504289,4.86847558205859e-09,5.27127098335447e-08,"+"
"432","ADRA2C",9.8549550504289,4.86847558205859e-09,5.27127098335447e-08,"+"
"433","MIR4274",9.8549550504289,4.86847558205859e-09,5.27127098335447e-08,"+"
"434","MIR1305",9.8549550504289,4.86847558205859e-09,5.27127098335447e-08,"+"
"435","LINC01622",9.8549550504289,4.86847558205859e-09,5.27127098335447e-08,"+"
"436","LOC102723427",9.8549550504289,4.86847558205859e-09,5.27127098335447e-08,"+"
"437","GPR37",9.8549550504289,4.86847558205859e-09,5.27127098335447e-08,"+"
"438","OR13F1",9.8549550504289,4.86847558205859e-09,5.27127098335447e-08,"+"
"439","GOLGA7B",9.8549550504289,4.86847558205859e-09,5.27127098335447e-08,"+"
"440","MIR1293",9.8549550504289,4.86847558205859e-09,5.27127098335447e-08,"+"
"441","RIMBP2",9.8549550504289,4.86847558205859e-09,5.27127098335447e-08,"+"
"442","PRIMA1",9.8549550504289,4.86847558205859e-09,5.27127098335447e-08,"+"
"443","CCPG1",9.8549550504289,4.86847558205859e-09,5.27127098335447e-08,"+"
"444","TPSG1",9.8549550504289,4.86847558205859e-09,5.27127098335447e-08,"+"
"445","TMEM74B",9.8549550504289,4.86847558205859e-09,5.27127098335447e-08,"+"
"446","GNB1L",9.8549550504289,4.86847558205859e-09,5.27127098335447e-08,"+"
"447","S100A11",-13.3180887748052,4.89598672058658e-09,5.2891990768932e-08,"-"
"448","DHRS7B",-13.5000948611265,4.9083098978742e-09,5.2906760037577e-08,"-"
"449","CNP",13.3050997537012,4.95078708702015e-09,5.3245770252161e-08,"+"
"450","STAU2",-13.5131948601018,5.08516841996011e-09,5.45695073333053e-08,"-"
"451","LINC02223",11.2090371846178,5.13421878322821e-09,5.49737084350532e-08,"+"
"452","TMEM273",-13.017187594987,5.39894679636002e-09,5.76803408841206e-08,"-"
"453","NIPBL",-11.9588725771938,5.45430839318158e-09,5.81431682796332e-08,"-"
"454","APH1B",12.4255053972723,5.78797419371695e-09,6.15641572278836e-08,"+"
"455","SNORA30",14.0001273803862,5.80805940232667e-09,6.16420194589791e-08,"+"
"456","OLFML2B",11.7305366222258,5.84789827810874e-09,6.1793218347893e-08,"+"
"457","ILF3-DT",13.0190396860817,5.84161193751386e-09,6.1793218347893e-08,"+"
"458","TRAPPC10",12.3821020437112,6.01735899835384e-09,6.34450362512024e-08,"+"
"459","CLK4",-12.7521468305507,6.07804231323062e-09,6.39452425503065e-08,"-"
"460","MIR28",11.636074416721,6.09382563531925e-09,6.39719217238188e-08,"+"
"461","EPB41L1",12.3219819650396,6.13499153282248e-09,6.42643690065071e-08,"+"
"462","KMT2D",13.6080609718122,6.26794498551289e-09,6.55149487771466e-08,"+"
"463","PHB",-13.1882424451912,6.30974598896586e-09,6.58094241484149e-08,"-"
"464","RNF122",13.195335184645,6.33939418265941e-09,6.59761519570308e-08,"+"
"465","STARD13-AS",-12.7759056768004,6.47565718162886e-09,6.72493516776038e-08,"-"
"466","OR1A1",-12.9625690586386,6.56866126232924e-09,6.79230518967621e-08,"-"
"467","ARRDC2",-13.4621188259987,6.5588539284508e-09,6.79230518967621e-08,"-"
"468","CD47",-12.6244377067382,6.67678295738587e-09,6.88935574812316e-08,"-"
"469","ADAMTSL4-AS1",12.0943939710041,7.04037028688239e-09,7.24465066916833e-08,"+"
"470","GCNT3",-11.669146306728,7.05111993064633e-09,7.24465066916833e-08,"-"
"471","IER2",13.2431490770813,7.1209956344725e-09,7.30091038617149e-08,"+"
"472","PRDM11",12.3304525309488,7.22432491149054e-09,7.39115783847199e-08,"+"
"473","LINC01814",-12.9174012742856,7.29906650295538e-09,7.45183766231957e-08,"-"
"474","MYD88",-12.4638223820846,7.79489948345002e-09,7.94125941045994e-08,"-"
"475","LMNB1-DT",12.8481633396152,7.86589193272046e-09,7.99671413539096e-08,"+"
"476","ABCA7",13.4963047948807,8.18039359027473e-09,8.28540461445523e-08,"+"
"477","CCDC9",13.9816271268109,8.18417477965447e-09,8.28540461445523e-08,"+"
"478","FURIN",-12.8923443669808,8.97615820996565e-09,9.06817322090463e-08,"-"
"479","SLC22A12",12.8611694864694,9.06178976318858e-09,9.11653807634118e-08,"+"
"480","SLC16A7",12.1960830875073,9.04667895533906e-09,9.11653807634118e-08,"+"
"481","PYGB",12.8984049305944,9.1895478003839e-09,9.22584746944986e-08,"+"
"482","RET",-12.7518132461226,9.28467822417987e-09,9.30201476028311e-08,"-"
"483","SMARCAL1",-13.7169357647405,9.30401436406555e-09,9.30208806709576e-08,"-"
"484","ZDHHC14",13.4216311560527,9.34343767512275e-09,9.31591032551262e-08,"+"
"485","LPCAT2",-13.2221943603866,9.35642267109882e-09,9.31591032551262e-08,"-"
"486","MIR4690",-13.2859122685927,9.45806424916341e-09,9.39773503275928e-08,"-"
"487","TMEM43",-11.8045101723451,9.52568856914606e-09,9.445492833759e-08,"-"
"488","TRIB3",-12.8842253013961,9.54531725734843e-09,9.4455608679786e-08,"-"
"489","PLXNB2",-12.5632676010502,9.87008891139132e-09,9.74696510288522e-08,"-"
"490","ATF7IP",-13.1259293420571,1.04596833224203e-08,1.02871305018264e-07,"-"
"491","MIR629",-12.294121788082,1.04446889712521e-08,1.02871305018264e-07,"-"
"492","CEP85L",11.963738736913,1.04930135097373e-08,1.02989354143336e-07,"+"
"493","MIR6795",12.5864100114162,1.05210337938271e-08,1.03054913165093e-07,"+"
"494","MIR7114",12.52343095644,1.05814159547137e-08,1.03391912859886e-07,"+"
"495","MIR4729",12.1758808354914,1.05982598603528e-08,1.03391912859886e-07,"+"
"496","SLC22A23",11.1941284744902,1.07085292293118e-08,1.04257031549086e-07,"+"
"497","LOC102724323",-12.6370110921009,1.08468492665715e-08,1.05391217521678e-07,"-"
"498","LINC01762",-12.7036710372767,1.09063857087859e-08,1.05756900778568e-07,"-"
"499","SSR1",12.6868440343473,1.12503294480695e-08,1.08694379725565e-07,"+"
"500","UCP2",13.421551170438,1.12543362730964e-08,1.08694379725565e-07,"+"
"501","TBC1D16",14.0300771412312,1.16380075340959e-08,1.12175525712873e-07,"+"
"502","ATP1A1",-13.3679922287666,1.21150498104177e-08,1.16540987120532e-07,"-"
"503","HMGN2",12.3689463812232,1.21613815175516e-08,1.16754098107866e-07,"+"
"504","MBD3L5",12.0271090958573,1.22720281808092e-08,1.17582587470492e-07,"+"
"505","TMSB10",13.1811918527639,1.25422245339679e-08,1.19933469850556e-07,"+"
"506","OSGIN2",-12.7262471855669,1.2873900241582e-08,1.22861787088141e-07,"-"
"507","TRPM2",-13.7241989600351,1.29400760934129e-08,1.23249758294065e-07,"-"
"508","PADI4",-12.4124940192648,1.40649592701432e-08,1.33700173849451e-07,"-"
"509","DLX2-DT",-11.4282349832579,1.43241252008524e-08,1.35896268359364e-07,"-"
"510","IL1RL1",12.4773134525525,1.44728202734538e-08,1.3703774333433e-07,"+"
"511","AGTRAP",12.8164957162777,1.47529579716334e-08,1.39416896369897e-07,"+"
"512","CPNE2",-12.5732308870426,1.50705587821577e-08,1.42140094451249e-07,"-"
"513","TRAM1",12.6555431679711,1.5186134521076e-08,1.42950962187672e-07,"+"
"514","LINC01588",12.9082907100464,1.53791905163527e-08,1.4448659728301e-07,"+"
"515","BICD2",-12.2591812865778,1.5569484532632e-08,1.45990370501126e-07,"-"
"516","DNASE2",13.3657217762388,1.59359803216108e-08,1.49137304211353e-07,"+"
"517","ZNF557",11.690717977897,1.63192199194077e-08,1.5242845839617e-07,"+"
"518","CLIC4",11.8864307140285,1.63978762181793e-08,1.52867459956734e-07,"+"
"519","REV1",11.2083704334238,1.64788492361438e-08,1.53031467233343e-07,"+"
"520","SSBP4",13.1458815264046,1.64572911136042e-08,1.53031467233343e-07,"+"
"521","TGOLN2",-11.2339461536363,1.67176414765862e-08,1.54951037793541e-07,"-"
"522","MIR4674",11.735966583916,1.67977463021609e-08,1.55395243090297e-07,"+"
"523","FAM198B",-11.1719084932958,1.71483962527437e-08,1.58335765782982e-07,"-"
"524","IQGAP2",-12.0337308555527,1.76342848248606e-08,1.62511376754297e-07,"-"
"525","HOXA13",12.3142840789821,1.77024661392459e-08,1.6282896949794e-07,"+"
"526","LOC100130370",12.1170588314216,1.78983337070787e-08,1.64317592151109e-07,"+"
"527","MIR3201",-11.2849791959844,1.79453185663139e-08,1.64436325155085e-07,"-"
"528","SCRN1",12.2012305928183,1.81693658396511e-08,1.66173991741809e-07,"+"
"529","LINC02219",12.3468937727731,1.91575337276564e-08,1.74365398130134e-07,"+"
"530","CEBPB",13.1103756931636,1.91311358771672e-08,1.74365398130134e-07,"+"
"531","MIR6819",-11.43567692907,1.91815242244804e-08,1.74365398130134e-07,"-"
"532","FLNA",13.104875414792,1.92094412518599e-08,1.74365398130134e-07,"+"
"533","CCND2-AS1",13.0413394409605,1.95380940688464e-08,1.77015865400486e-07,"+"
"534","FAM92B",-11.6383220943029,1.96701899940614e-08,1.77878927867645e-07,"-"
"535","SLC44A1",12.7165211539247,1.97175281177046e-08,1.77973725757749e-07,"+"
"536","ADCY9",12.9430237067456,1.99055043117819e-08,1.79335224480587e-07,"+"
"537","BICRAL",12.3159980657406,2.00449515827067e-08,1.80255253618046e-07,"+"
"538","HRH1",-12.9174789397122,2.01035418076067e-08,1.80347581176147e-07,"-"
"539","LINC00656",11.6170862195304,2.01299122497294e-08,1.80347581176147e-07,"+"
"540","NSMF",13.2988817289995,2.02901588217563e-08,1.81446623981965e-07,"+"
"541","KCNMB1",10.7643047032847,2.03987422881839e-08,1.82080455655527e-07,"+"
"542","FAM20A",12.4673546213663,2.05013951000283e-08,1.82659108741765e-07,"+"
"543","MIR6829",12.984311411329,2.08499454083499e-08,1.84861976670327e-07,"+"
"544","TMEM154",11.4010711200693,2.08119024132487e-08,1.84861976670327e-07,"+"
"545","GSE1",11.5108294908862,2.09017683292604e-08,1.84861976670327e-07,"+"
"546","OR1D5",11.9669781330963,2.08669132599267e-08,1.84861976670327e-07,"+"
"547","TET3",-12.6446003698711,2.1211213270031e-08,1.87255848045667e-07,"-"
"548","RAB33B",-11.3786706138284,2.14046010912991e-08,1.88618282244313e-07,"-"
"549","CD48",12.1346658832137,2.15057095896953e-08,1.88820130197524e-07,"+"
"550","LRRC4",12.0115198121907,2.15009306073883e-08,1.88820130197524e-07,"+"
"551","LINC01720",-11.6266289600081,2.15943951544404e-08,1.89254690019588e-07,"-"
"552","MIR6776",12.5839448475461,2.18682335693868e-08,1.91307427366973e-07,"+"
"553","KHDRBS3",-11.4117712829779,2.29712307254619e-08,2.00593260711132e-07,"-"
"554","CDA",12.2686197138961,2.32104891354545e-08,2.0158894250919e-07,"+"
"555","LIPC",12.548771524245,2.31473478039352e-08,2.0158894250919e-07,"+"
"556","B3GNTL1",11.1628521518112,2.31914658470228e-08,2.0158894250919e-07,"+"
"557","SUDS3",13.0300936900715,2.32872768893199e-08,2.01892747035055e-07,"+"
"558","LINC00308",-12.2761727085879,2.34111827991696e-08,2.02603228919695e-07,"-"
"559","CYBB",-12.1714538899338,2.34783869864624e-08,2.028213430369e-07,"-"
"560","ZBTB43",-13.0053515514247,2.36651349681013e-08,2.04069529930288e-07,"-"
"561","MIR326",-11.6320756078938,2.37145177588494e-08,2.04130848943821e-07,"-"
"562","IFNGR2",-12.2634849388409,2.37825091108809e-08,2.04351844299722e-07,"-"
"563","PIK3CD",12.3320933778158,2.40187823964046e-08,2.06015453272181e-07,"+"
"564","HLA-E",12.5274240123351,2.42658779266297e-08,2.07765823595204e-07,"+"
"565","PRR12",12.713975697344,2.43305354665757e-08,2.07950718173618e-07,"+"
"566","SNORA3B",-13.4193539582685,2.45549949654019e-08,2.09498358105876e-07,"-"
"567","ARHGAP15",-11.4027800203155,2.46623842556998e-08,2.0967368586404e-07,"-"
"568","EMP2",-12.6268833462847,2.46311797900188e-08,2.0967368586404e-07,"-"
"569","NSD1",12.0483288950704,2.50557029864262e-08,2.12270157406057e-07,"+"
"570","GIMAP4",-11.754404524008,2.5031702112846e-08,2.12270157406057e-07,"-"
"571","ZNF704",12.0355534611507,2.51549693616057e-08,2.12737910765664e-07,"+"
"572","TRPS1",11.8738008970874,2.53754110905633e-08,2.14227028245332e-07,"+"
"573","CD164",-11.8795009081555,2.58390512736008e-08,2.17760521117309e-07,"-"
"574","LSM14A",12.8727174031557,2.60557094702012e-08,2.19203869393034e-07,"+"
"575","PDXK",13.3546211113915,2.61122353126293e-08,2.19297364042934e-07,"+"
"576","MIR146A",-10.835533067532,2.62544460673071e-08,2.20108888991364e-07,"-"
"577","PCGF5",-11.9025572294061,2.63583046640494e-08,2.20596626035866e-07,"-"
"578","RHO",12.7261680319277,2.64187890024726e-08,2.20720297738651e-07,"+"
"579","ACOT7",12.5969599701963,2.67934103630731e-08,2.23463520972849e-07,"+"
"580","DDX28",-11.8414995391327,2.68953698426571e-08,2.23927139603778e-07,"-"
"581","MIR5702",-11.3515285132042,2.70817196824555e-08,2.25090575467432e-07,"-"
"582","PLXND1",-12.3083099063557,2.73515044202086e-08,2.26942293548432e-07,"-"
"583","PHETA1",12.7853276593001,2.74832171166324e-08,2.27343582514142e-07,"+"
"584","ZNF207",-13.2552140448851,2.74940261313438e-08,2.27343582514142e-07,"-"
"585","SLC6A9",11.8743544120333,2.76922394817256e-08,2.28591152918381e-07,"+"
"586","HPS1",12.2883817221489,2.79090720352347e-08,2.29987899075338e-07,"+"
"587","FRAT1",-12.936741860771,2.79598168111671e-08,2.30013552608391e-07,"-"
"588","SNAP23",12.3106547689635,2.89085479307505e-08,2.37413908091147e-07,"+"
"589","EAF1",-12.7007760846118,2.92272535513649e-08,2.39623781663058e-07,"-"
"590","LOC101928909",12.5411532044621,2.97154496244196e-08,2.43213400400546e-07,"+"
"591","AIM2",-13.1775311316482,2.99356168206983e-08,2.44600835240528e-07,"-"
"592","ACOT11",-11.9298399033884,3.02426212479803e-08,2.46403967269591e-07,"-"
"593","RHBDF2",12.7174876876996,3.02583459496516e-08,2.46403967269591e-07,"+"
"594","PLPPR2",-12.8366424423232,3.07360409852194e-08,2.4987262949095e-07,"-"
"595","TAL1",12.0424695184142,3.09123103457624e-08,2.50883271696953e-07,"+"
"596","USP12-AS2",12.3814086453331,3.15896843456251e-08,2.5595064715608e-07,"+"
"597","LOC153910",12.2976576714259,3.19540341355163e-08,2.58469063384268e-07,"+"
"598","PPP1R15A",-12.5415546097152,3.24050843089983e-08,2.6167918416079e-07,"-"
"599","EGOT",12.4657313035628,3.27788616129983e-08,2.64087601086859e-07,"+"
"600","AMN1",-13.5982438613481,3.28127066995476e-08,2.64087601086859e-07,"-"
"601","SLCO4A1-AS1",12.4178894506361,3.33501339648481e-08,2.67966384220052e-07,"+"
"602","POR",-12.3338698962566,3.40784697637477e-08,2.73363671908867e-07,"-"
"603","MDFI",12.259330063162,3.43807986016894e-08,2.75331470062285e-07,"+"
"604","ALKBH1",12.7392501164733,3.44685244355282e-08,2.75576994203917e-07,"+"
"605","SNORD121B",-11.7273308861565,3.47019201602317e-08,2.7698441727894e-07,"-"
"606","MIR623",-11.5484112121043,3.48721812151091e-08,2.77884097504557e-07,"-"
"607","MANBAL",-12.6101410584135,3.506640907098e-08,2.78971481719543e-07,"-"
"608","TBC1D30",12.1819807145314,3.54325761687026e-08,2.81420905129383e-07,"+"
"609","THOC2",11.4899426303037,3.5702056156013e-08,2.83095614412786e-07,"+"
"610","SGK3",-12.6656390627288,3.59758674988786e-08,2.84333001885573e-07,"-"
"611","NUCB2",12.4694978333431,3.59594885826535e-08,2.84333001885573e-07,"+"
"612","PDCL3",11.3513623555962,3.61196127744626e-08,2.84849122960616e-07,"+"
"613","ARMH2",11.297954479006,3.61591452422566e-08,2.84849122960616e-07,"+"
"614","LINC01176",-11.7186193327362,3.67753892340501e-08,2.89231847901023e-07,"-"
"615","WDR18",12.8541616298991,3.7135096154363e-08,2.91585982649462e-07,"+"
"616","RMDN2",12.2978308055833,3.84960653904407e-08,3.0178165547149e-07,"+"
"617","CCNY",11.4383345543359,3.91526453246632e-08,3.06431319729009e-07,"+"
"618","INIP",12.1296372413393,3.93634085013009e-08,3.07100796929732e-07,"+"
"619","C16orf74",-11.8568337587954,3.93653744666607e-08,3.07100796929732e-07,"-"
"620","SEMA3G",12.4084744508119,4.0338764667307e-08,3.14186926739396e-07,"+"
"621","MTMR11",-11.6853972165206,4.04779899449488e-08,3.14763628734554e-07,"-"
"622","AJAP1",10.8494408224637,4.06601316721413e-08,3.1567166534529e-07,"+"
"623","MAPKAP1",12.0870278064229,4.07778053349417e-08,3.16050438218986e-07,"+"
"624","SETBP1",11.1604764197825,4.08398164109851e-08,3.16050438218986e-07,"+"
"625","MT2A",12.1519924307122,4.15324089018487e-08,3.20386569740874e-07,"+"
"626","SLC25A5-AS1",12.4333291592661,4.15328210101029e-08,3.20386569740874e-07,"+"
"627","C12orf76",12.9499383456108,4.21339456756468e-08,3.2450530090542e-07,"+"
"628","GRIK1-AS2",11.0253798349149,4.22948475954785e-08,3.25225826494531e-07,"+"
"629","KLF6",12.0264630948943,4.29178368732835e-08,3.29459068484931e-07,"+"
"630","LGALS9B",12.7174490524232,4.29818209040187e-08,3.29459068484931e-07,"+"
"631","LUADT1",-12.0268951322969,4.3775883692014e-08,3.35013854752354e-07,"-"
"632","SUPT4H1",12.2285067866376,4.39772654470083e-08,3.36022491841144e-07,"+"
"633","FAM107B",-12.2886426109077,4.60348323526605e-08,3.51188318216426e-07,"-"
"634","CEP68",12.2331594708099,4.67784907045806e-08,3.54620614776169e-07,"+"
"635","FAM126A",-11.5496292276789,4.66746408028475e-08,3.54620614776169e-07,"-"
"636","PDZD7",12.8139767269619,4.66823674723162e-08,3.54620614776169e-07,"+"
"637","LOC101927472",12.2267478040703,4.67114464332988e-08,3.54620614776169e-07,"+"
"638","INPP5D",-12.8599581160197,4.88192003491744e-08,3.69510844022199e-07,"-"
"639","AGO4",11.9629582563539,4.91260328958456e-08,3.71251350319309e-07,"+"
"640","KBTBD12",12.1984856275722,4.98834012942279e-08,3.76385851327854e-07,"+"
"641","NAP1L1",11.9882444387219,5.04778588961227e-08,3.80277036832101e-07,"+"
"642","RPTN",12.6549689146756,5.12163784798597e-08,3.85239706665487e-07,"+"
"643","C1orf21",11.8379468962426,5.17774468149724e-08,3.88854262316488e-07,"+"
"644","GXYLT1",11.9993744934464,5.24280601509533e-08,3.93129041100859e-07,"+"
"645","MIR1208",10.9717467666687,5.25674810100393e-08,3.9356335782555e-07,"+"
"646","LINC01222",11.7377526408733,5.28269874768625e-08,3.94876160899514e-07,"+"
"647","BTBD18",-11.9269477228293,5.29063731832648e-08,3.94876160899514e-07,"-"
"648","LOC105370489",-12.3817505870632,5.30299079537272e-08,3.95187385044057e-07,"-"
"649","EFNA5",-11.5096292370401,5.33843348042362e-08,3.97215643712876e-07,"-"
"650","AREG",11.7533902388521,5.46868351068205e-08,4.05781816205609e-07,"+"
"651","MIR193BHG",12.2770604940172,5.47036575584699e-08,4.05781816205609e-07,"+"
"652","LOC105372397",-12.1481633568827,5.50827372507395e-08,4.0796708310402e-07,"-"
"653","LONRF1",11.7620727352165,5.60846249603969e-08,4.14751384278341e-07,"+"
"654","STAG1",11.7568511682912,5.65300448464911e-08,4.17406095663159e-07,"+"
"655","RNF4",-10.9666250874676,5.66317794448387e-08,4.17518874716223e-07,"-"
"656","S1PR1",12.6245787799847,5.69321355995664e-08,4.18455529391638e-07,"+"
"657","MIR1343",12.3562997287935,5.69021112595435e-08,4.18455529391638e-07,"+"
"658","C7orf71",11.3847508308536,5.73435033948559e-08,4.2019996645487e-07,"+"
"659","MIR7848",-11.4725815299315,5.73383121006258e-08,4.2019996645487e-07,"-"
"660","ENSA",-12.2015170444355,5.78391966477349e-08,4.23190122139261e-07,"-"
"661","AP2S1",11.4896538880566,5.79683032002043e-08,4.23493095542793e-07,"+"
"662","CDC42SE2",-11.6072991817073,5.91022980416941e-08,4.31125373479367e-07,"-"
"663","GNAI3",-12.0138154754189,6.11602878495298e-08,4.45464600339939e-07,"-"
"664","UBE2V1",11.5712791198812,6.13463602371927e-08,4.46146948170789e-07,"+"
"665","LINC00111",12.6464266521623,6.28415513220831e-08,4.56333611029082e-07,"+"
"666","LTC4S",-12.0539501644067,6.33451547869092e-08,4.59299928627604e-07,"-"
"667","MSR1",-10.8967837372745,6.42604510799288e-08,4.65237958418255e-07,"-"
"668","CCDC86",-11.7754553189923,6.47039083164206e-08,4.67747265359274e-07,"-"
"669","EXT1",11.2044326099914,6.53019419437735e-08,4.71364839531363e-07,"+"
"670","MIR4677",-11.5662807465112,6.68202384006241e-08,4.80886633735639e-07,"-"
"671","SMCO4",11.754784007184,6.68046558813868e-08,4.80886633735639e-07,"+"
"672","XRCC3",11.6843764442134,6.70808852530647e-08,4.8204404001049e-07,"+"
"673","PRKCG",-12.2635469479198,6.77527359117461e-08,4.86148531527224e-07,"-"
"674","RAB11FIP1",11.8733766752004,6.8449605530788e-08,4.90420096599667e-07,"+"
"675","KMT5C",12.297445558031,7.14028757623106e-08,5.10821462305478e-07,"+"
"676","APOA1",11.6347311014321,7.27085524780058e-08,5.19392899284453e-07,"+"
"677","SLC30A1",11.8733390601495,7.32286137089293e-08,5.2233526676576e-07,"+"
"678","WDR53",-11.8298395730615,7.48362060087586e-08,5.32307003387076e-07,"-"
"679","LINC02432",-11.2326336791159,7.48470605300941e-08,5.32307003387076e-07,"-"
"680","MIR6769A",12.8806317837899,7.538765533269e-08,5.35363217061118e-07,"+"
"681","COL4A3BP",-12.0421194511617,7.62161227135178e-08,5.40136588402994e-07,"-"
"682","LOC102724511",10.5206005337918,7.6283527291539e-08,5.40136588402994e-07,"+"
"683","ADA2",12.0633509246304,7.69933158989158e-08,5.44364161750899e-07,"+"
"684","NCOA4",-12.324294487905,7.85295764221914e-08,5.54414217167781e-07,"-"
"685","ACER3",-12.6124999627058,7.87699884902936e-08,5.55299670685588e-07,"-"
"686","DPYSL2",12.5079652458832,7.89004417905e-08,5.55408503507762e-07,"+"
"687","NOS3",11.562246998509,7.9360342132606e-08,5.57413062612853e-07,"+"
"688","MIR4686",10.6683639855958,7.94462091914614e-08,5.57413062612853e-07,"+"
"689","ORAI3",12.5222287654879,7.95314972334346e-08,5.57413062612853e-07,"+"
"690","ADK",-11.7752744012838,8.01421382504901e-08,5.60878819726981e-07,"-"
"691","DTNBP1",11.101393323901,8.10243648627863e-08,5.66232500611281e-07,"+"
"692","EFR3A",11.6033523846844,8.18863523261401e-08,5.7142947309672e-07,"+"
"693","SHH",11.6030091730944,8.26028855759967e-08,5.75597885204168e-07,"+"
"694","MIR1275",10.1667802247529,8.27312449507807e-08,5.7566164534196e-07,"+"
"695","EHD4",12.0411047137601,8.34214272993443e-08,5.79628881192134e-07,"+"
"696","MIR7109",11.5699835057295,8.42753211612953e-08,5.84720583172263e-07,"+"
"697","HILPDA",11.3341301508957,8.44721762987437e-08,5.85245537082688e-07,"+"
"698","PTK2B",-12.3441144905837,8.5579139629836e-08,5.92065423026473e-07,"-"
"699","LINC00595",11.7450138202263,8.65606707379239e-08,5.97999254640107e-07,"+"
"700","TECRL",-10.8570910138981,9.04757996379389e-08,6.24153766359439e-07,"-"
"701","HLA-DPB1",12.3034660840208,9.16989464313284e-08,6.31689318569022e-07,"+"
"702","PROZ",12.2748598818667,9.29419370641261e-08,6.39339906100662e-07,"+"
"703","SCO2",12.5971121131323,9.34076042483105e-08,6.41629190490884e-07,"+"
"704","MAOA",11.036983479185,9.45023939079001e-08,6.48227358212003e-07,"+"
"705","ARTN",-11.7158817820352,9.47026935061957e-08,6.48679868002013e-07,"-"
"706","RMC1",11.8296808652052,9.49815238697558e-08,6.49668241879675e-07,"+"
"707","ARMC2-AS1",11.4003053072568,9.51268283535557e-08,6.49741802148968e-07,"+"
"708","IGF2BP2-AS1",10.8739482128787,9.58001752981018e-08,6.5341673236516e-07,"+"
"709","NDRG1",10.8974742940273,9.65711523130036e-08,6.57746254611416e-07,"+"
"710","MYBPC3",10.1041353543306,9.72534220880874e-08,6.61460246849823e-07,"+"
"711","LOC105371433",12.2044594941175,9.75637016541667e-08,6.62637292950733e-07,"+"
"712","OTULIN",-11.9386876529237,9.77166724830986e-08,6.62744117164162e-07,"-"
"713","CACNA1D",-12.1807640364432,9.92145674911779e-08,6.71959532138707e-07,"-"
"714","CLDN10",-12.3440110924122,9.98370848178499e-08,6.75228687094394e-07,"-"
"715","DNAJA1",-11.3845102851427,1.01426362661583e-07,6.8461278115489e-07,"-"
"716","LOXL4",-11.1066432452721,1.0170293110559e-07,6.8461278115489e-07,"-"
"717","CELA1",12.3052040016966,1.01791670505117e-07,6.8461278115489e-07,"+"
"718","PQBP1",-12.9232907289764,1.01761359609806e-07,6.8461278115489e-07,"-"
"719","SNRK",11.6563516753345,1.03230433340724e-07,6.91797611178476e-07,"+"
"720","C9orf62",11.0372338450536,1.0328972409602e-07,6.91797611178476e-07,"+"
"721","SHISA2",10.6829932931071,1.03238789211197e-07,6.91797611178476e-07,"+"
"722","LINC01135",12.0474665835738,1.03678913380152e-07,6.93442482981651e-07,"+"
"723","MIR765",12.0974763622337,1.05322345277418e-07,7.03460035054844e-07,"+"
"724","ACOXL",11.5741171004564,1.07056367891691e-07,7.12374691631136e-07,"+"
"725","DOP1B",11.2124721382309,1.07036549133356e-07,7.12374691631136e-07,"+"
"726","NFAM1",11.7035532799553,1.07099611953656e-07,7.12374691631136e-07,"+"
"727","ISL2",12.4758039723832,1.09010256314431e-07,7.24086007898747e-07,"+"
"728","YIPF2",12.0900849146253,1.10923786369586e-07,7.35784291729029e-07,"+"
"729","GRAMD2A",11.779155563075,1.1128613085105e-07,7.37175206968067e-07,"+"
"730","RPS27A",12.2680335029947,1.12020842785404e-07,7.41025547685909e-07,"+"
"731","STRA8",-11.4719597014781,1.12687060550364e-07,7.4441288016102e-07,"-"
"732","FAM225A",-11.7825596877266,1.14719730854459e-07,7.56805437563088e-07,"-"
"733","GPR37L1",11.3639886123533,1.15090512517346e-07,7.57182677038506e-07,"+"
"734","ZNF703",11.3926297612976,1.14953275893976e-07,7.57182677038506e-07,"+"
"735","RERG-AS1",11.3929752007089,1.16134151218136e-07,7.6300927378555e-07,"+"
"736","MIR3126",11.084114725403,1.17114490497396e-07,7.68404720940113e-07,"+"
"737","NEURL1-AS1",11.2415043380589,1.20888809017216e-07,7.92092345650114e-07,"+"
"738","C1orf162",-12.0709516650692,1.21240419802841e-07,7.9331976589149e-07,"-"
"739","MIR7152",10.1352900071972,1.23741732888222e-07,8.07498416374627e-07,"+"
"740","KCNH3",-12.3039219158953,1.23662607841274e-07,8.07498416374627e-07,"-"
"741","EFCAB9",-11.6469524241101,1.26298858037971e-07,8.20857584744767e-07,"-"
"742","SOX7",-12.0886393542236,1.26251242422573e-07,8.20857584744767e-07,"-"
"743","WNT9B",11.3510922061848,1.26036304652546e-07,8.20857584744767e-07,"+"
"744","ERG",10.9502010069546,1.27037026898641e-07,8.24545433996692e-07,"+"
"745","MIR3189",-11.3026894824837,1.27672758248674e-07,8.27559395413218e-07,"-"
"746","UCP3",-11.0331602847561,1.2805963781413e-07,8.27997052550875e-07,"-"
"747","MIR199A1",-12.1805650858919,1.28083205271382e-07,8.27997052550875e-07,"-"
"748","MARCH8",-11.9058727692668,1.28758567534527e-07,8.31250163936137e-07,"-"
"749","LL22NC01-81G9.3",11.4804468981337,1.29120147702727e-07,8.32471553079399e-07,"+"
"750","SH2D1B",-11.7264865286102,1.295315278939e-07,8.34010330932855e-07,"-"
"751","PSMF1",11.9477776759034,1.29748391720096e-07,8.34294252485147e-07,"+"
"752","SPINK4",12.4123463537112,1.30243286148195e-07,8.36362804268131e-07,"+"
"753","CREB3",12.3117219575828,1.32504195973387e-07,8.47500347490711e-07,"+"
"754","MIR4512",11.5097572745347,1.32485223410577e-07,8.47500347490711e-07,"+"
"755","MEIS3",-12.4379040232025,1.32303966633392e-07,8.47500347490711e-07,"-"
"756","FAM222A",11.2643623422764,1.3277599371717e-07,8.48115441349488e-07,"+"
"757","EVL",-12.0321086181718,1.33976898711988e-07,8.54655804333145e-07,"-"
"758","TNFRSF1A",-11.8391105270206,1.34334738841744e-07,8.55807986631635e-07,"-"
"759","ANO6",11.7447641534486,1.37964935031042e-07,8.77776905487356e-07,"+"
"760","ARL15",12.1947045311347,1.38370850687707e-07,8.79201102593339e-07,"+"
"761","SFMBT1",11.7447471843976,1.39080520846499e-07,8.82549060667207e-07,"+"
"762","PPDPF",-11.7765365324403,1.42758811482853e-07,9.04701181956294e-07,"-"
"763","ANKRD44",-11.533207645765,1.44485621060742e-07,9.14444382833974e-07,"-"
"764","FKBP6",11.5525184458192,1.45350280593261e-07,9.17511771222035e-07,"+"
"765","ULK2",11.4234286830064,1.45284115095581e-07,9.17511771222035e-07,"+"
"766","ZNF629",11.3510189785124,1.45561767134071e-07,9.17647223877841e-07,"+"
"767","HCAR2",12.3103656016706,1.47254212058401e-07,9.27106375528056e-07,"+"
"768","CCL1",-11.843968387789,1.4763916015957e-07,9.28319667201256e-07,"-"
"769","FEM1C",-10.6342770319056,1.47840796803872e-07,9.28378683700778e-07,"-"
"770","DGKA",12.5054013458282,1.4827196441859e-07,9.29877033996588e-07,"+"
"771","TMPRSS4",11.4593707828517,1.50352010725823e-07,9.38100784941165e-07,"+"
"772","FOXJ2",11.2997409980552,1.50360324610574e-07,9.38100784941165e-07,"+"
"773","FOXG1-AS1",-10.8565268388216,1.49990517632394e-07,9.38100784941165e-07,"-"
"774","ADGRE1",12.3422642023769,1.50013224861005e-07,9.38100784941165e-07,"+"
"775","MIR4799",11.6342520866055,1.51067334790275e-07,9.41295689938373e-07,"+"
"776","HVCN1",11.9876746494227,1.51895843785816e-07,9.45238440259928e-07,"+"
"777","DEDD",-12.0258785012798,1.52484283010596e-07,9.4767902530009e-07,"-"
"778","LOC100506937",-11.6299316347594,1.54875665249567e-07,9.61304097031052e-07,"-"
"779","PHACTR1",11.6511235209578,1.56654375092622e-07,9.69851252977271e-07,"+"
"780","UNC5B",12.0403439650438,1.56534414462002e-07,9.69851252977271e-07,"+"
"781","PEX13",11.9876460264882,1.5846953087829e-07,9.79565718705788e-07,"+"
"782","CLSTN2",-11.3554590479749,1.58629196940966e-07,9.79565718705788e-07,"-"
"783","RAP1B",-11.9123502173478,1.5955289935985e-07,9.84011431684185e-07,"-"
"784","LINC01740",11.1596203243124,1.60152254697544e-07,9.86448007569438e-07,"+"
"785","DLX1",-11.6337146279219,1.62028083460058e-07,9.96730719781681e-07,"-"
"786","CPXM2",9.85234682901851,1.64089336696288e-07,1.00812647189106e-06,"+"
"787","LOC102723672",11.0047468252029,1.67965469116602e-07,1.03062928889971e-06,"+"
"788","TNFAIP8",-11.3840301222605,1.68596476327804e-07,1.03318830480579e-06,"-"
"789","SERPINH1",11.9691770883081,1.69956246575875e-07,1.04020115933447e-06,"+"
"790","MIR3138",-10.971049701333,1.7101150340068e-07,1.04401333744865e-06,"-"
"791","CPXM1",-10.971049701333,1.7101150340068e-07,1.04401333744865e-06,"-"
"792","MIR548AX",-10.5972332996819,1.71248727603623e-07,1.04414154747209e-06,"-"
"793","SESN2",11.844086636887,1.7334692421343e-07,1.05560188780158e-06,"+"
"794","CD101",12.3575697461978,1.76818303341926e-07,1.07359593539013e-06,"+"
"795","LOC101928052",-10.8889715212093,1.76968806082116e-07,1.07359593539013e-06,"-"
"796","TLR4",11.1008412304018,1.76936517738894e-07,1.07359593539013e-06,"+"
"797","PLXNA1",10.4640769062965,1.77932610750877e-07,1.07673756555888e-06,"+"
"798","KLHL8",-11.3221236877853,1.77783538967139e-07,1.07673756555888e-06,"-"
"799","ADIPOR2",-11.6376550606681,1.79091193924929e-07,1.08239220959134e-06,"-"
"800","MIR153-2",11.5256091618016,1.82614186608488e-07,1.10230488391548e-06,"+"
"801","CD84",11.5615866160941,1.83745123033606e-07,1.10774681539236e-06,"+"
"802","ARHGEF28",11.8347340025281,1.85761228110876e-07,1.11850495080726e-06,"+"
"803","RIBC2",-12.0318350818075,1.87348728078675e-07,1.12665878940464e-06,"-"
"804","KLLN",10.7629413053223,1.88837287091477e-07,1.13419808378699e-06,"+"
"805","SLC9A7",12.0030252527623,1.9136058674424e-07,1.14792580545085e-06,"+"
"806","AGFG1",11.2412336826996,1.92515201547802e-07,1.15131604744653e-06,"+"
"807","SSC4D",11.2412336826996,1.92515201547802e-07,1.15131604744653e-06,"+"
"808","ABCC3",11.2272305440209,1.92640995306854e-07,1.15131604744653e-06,"+"
"809","LOC102724710",-11.5328758466242,1.93874247154317e-07,1.1562207697403e-06,"-"
"810","APAF1",11.3636894375709,1.93940530853104e-07,1.1562207697403e-06,"+"
"811","MIR6728",-11.6297379959333,1.94582335425559e-07,1.15718977557885e-06,"-"
"812","SMIM20",-11.3224744543916,1.94374222333004e-07,1.15718977557885e-06,"-"
"813","ZNF236-DT",-12.1527199951631,1.96646121726148e-07,1.16802475008065e-06,"-"
"814","EPOR",-11.0791600888999,1.99370500106312e-07,1.18275202090096e-06,"-"
"815","PRR5L",10.5256983038048,2.00052775204819e-07,1.18522887615504e-06,"+"
"816","TENT4B",10.5321801227356,2.00278890648688e-07,1.18522887615504e-06,"+"
"817","LINC02158",-11.7896821478509,2.02004401678404e-07,1.19397705716648e-06,"-"
"818","MIR583",-11.3664409422421,2.08284065512326e-07,1.22954207082754e-06,"-"
"819","NRON",11.7613622533338,2.08530742598417e-07,1.22954207082754e-06,"+"
"820","ROCK2",-11.1693195524371,2.10207935068574e-07,1.23641183732782e-06,"-"
"821","FBXW7-AS1",12.0855566993303,2.10090975609967e-07,1.23641183732782e-06,"+"
"822","NTAN1",11.6505758521784,2.10572010723055e-07,1.23704652041561e-06,"+"
"823","MNDA",-11.6500236321624,2.12184843662939e-07,1.24500681658364e-06,"-"
"824","CSE1L-AS1",11.7369611776856,2.13785727901445e-07,1.25287776703408e-06,"+"
"825","ALAS1",11.9265148484808,2.14855332906859e-07,1.25761988194815e-06,"+"
"826","NLRC4",12.1977792196805,2.18000477007351e-07,1.27448462889649e-06,"+"
"827","NUMB",10.8093017861952,2.1956067951822e-07,1.28069747299637e-06,"+"
"828","EMP3",12.3556390399616,2.19593602741974e-07,1.28069747299637e-06,"+"
"829","CLEC4F",11.8162360310761,2.22297369962524e-07,1.29490229137398e-06,"+"
"830","MIR4797",11.2840417667924,2.22819354162747e-07,1.29637910994206e-06,"+"
"831","SLC12A9",11.7445216726303,2.24100701629101e-07,1.30074126022203e-06,"+"
"832","NUFIP1",11.1225034333603,2.24107833610423e-07,1.30074126022203e-06,"+"
"833","LINC00877",10.2141203603863,2.26221367290656e-07,1.30985969142276e-06,"+"
"834","PRSS33",12.097051587906,2.26048859434422e-07,1.30985969142276e-06,"+"
"835","GLIS3-AS1",-11.6295901674934,2.26558408058173e-07,1.3102401826502e-06,"-"
"836","GRIP2",-10.6838580943048,2.28253473528062e-07,1.31846414314236e-06,"-"
"837","CD3E",11.5636624008192,2.29654686325536e-07,1.32497309470252e-06,"+"
"838","TP53BP2",11.5307097293965,2.30048386478244e-07,1.32566069009957e-06,"+"
"839","ADORA1",10.9172328203804,2.306940658268e-07,1.32779695337022e-06,"+"
"840","PDE4D",11.9947425148284,2.31513930506542e-07,1.33092948859059e-06,"+"
"841","CEP19",11.6170539123606,2.32574607384502e-07,1.33543731160495e-06,"+"
"842","LOC653712",11.6086296372292,2.34982819448535e-07,1.3476627495451e-06,"+"
"843","S1PR3",11.7444797619544,2.36206124459399e-07,1.35307161923421e-06,"+"
"844","FMO4",-11.6364953586583,2.36648586243153e-07,1.35400002721349e-06,"-"
"845","LOC105369911",-11.0814269556512,2.37558070252722e-07,1.35759517307739e-06,"-"
"846","ZDHHC20",10.2140868828702,2.37913414869117e-07,1.3580187711619e-06,"+"
"847","HBP1",11.4083332312678,2.3952110340267e-07,1.36558135576327e-06,"+"
"848","SLC34A2",11.5629802985602,2.401566571934e-07,1.36759020941855e-06,"+"
"849","LINC01756",-10.8560629314062,2.43102433991824e-07,1.38127522309827e-06,"-"
"850","LOC101927468",11.6907848486456,2.43417936396072e-07,1.38127522309827e-06,"+"
"851","PPP4C",-11.4177903423444,2.43140345237797e-07,1.38127522309827e-06,"-"
"852","MAP9",12.1567031895771,2.44412491205354e-07,1.38529098595147e-06,"+"
"853","PCCA-AS1",-11.065624341273,2.45348999684814e-07,1.38571967190406e-06,"-"
"854","NUDT16L1",-10.6985507334174,2.45193669200508e-07,1.38571967190406e-06,"-"
"855","MIR4523",-11.7021642922281,2.44848333209863e-07,1.38571967190406e-06,"-"
"856","TOGARAM2",10.6126708376584,2.46219810213318e-07,1.38901339196275e-06,"+"
"857","TNIK",10.7627474011596,2.548441288513e-07,1.43598867937331e-06,"+"
"858","PPEF2",10.7678284573477,2.59635235653675e-07,1.46128036476876e-06,"+"
"859","TMOD1",11.3140961439395,2.60543719704943e-07,1.46468640565212e-06,"+"
"860","SAPCD1-AS1",-11.8038457562631,2.62925445675793e-07,1.47464224990523e-06,"-"
"861","PPP1R17",-10.8134570813243,2.62768551143547e-07,1.47464224990523e-06,"-"
"862","NFIC",11.5551600424077,2.6380602138016e-07,1.47786459077122e-06,"+"
"863","LINC01312",-10.8882799604425,2.65811042601526e-07,1.48737140755825e-06,"-"
"864","ATP1A4",11.2267205076379,2.6771219543146e-07,1.49627568488255e-06,"+"
"865","ZBTB46-AS1",11.5629609423873,2.68265581832707e-07,1.49763525395392e-06,"+"
"866","BATF3",-12.0605795574911,2.71758495480782e-07,1.51447103816962e-06,"-"
"867","ASPHD2",-11.3185829541878,2.71908550443789e-07,1.51447103816962e-06,"-"
"868","DIAPH1",11.2993947932328,2.74079092574976e-07,1.52480177194074e-06,"+"
"869","ATP6V1G3",10.9221330749144,2.7866929323914e-07,1.54677473224346e-06,"+"
"870","EIF4A3",-11.2309189043583,2.78536607464302e-07,1.54677473224346e-06,"-"
"871","NAV1",10.6269883767033,2.81372425155863e-07,1.55998558103061e-06,"+"
"872","LINC01655",10.831668368739,2.82670462717606e-07,1.56406306522468e-06,"+"
"873","XDH",11.70442882474,2.82755654574683e-07,1.56406306522468e-06,"+"
"874","GDF15",11.5629361800987,2.83749031495195e-07,1.56776209735732e-06,"+"
"875","PPA2",11.8439263362185,2.84074699280795e-07,1.56776768323081e-06,"+"
"876","MIR6822",-11.0132659842514,2.85160463877453e-07,1.57196333340665e-06,"-"
"877","C17orf77",-11.656972754517,2.87277571893066e-07,1.58182827214551e-06,"-"
"878","MIR938",11.3311241524108,2.90282354571132e-07,1.59655295014122e-06,"+"
"879","RUBCNL",-11.4447622903378,2.95189570885163e-07,1.62169560614841e-06,"-"
"880","ITGA9-AS1",11.2164728710922,2.96257501794158e-07,1.62571304109544e-06,"+"
"881","TMEM267",-11.3659972681565,2.98667374685731e-07,1.63461049512907e-06,"-"
"882","BTBD11",10.165860784042,2.98267274012903e-07,1.63461049512907e-06,"+"
"883","MTA1",11.3995280564166,2.98894401987775e-07,1.63461049512907e-06,"+"
"884","SCMH1",11.6084276073174,3.02193357872257e-07,1.64891720357642e-06,"+"
"885","MXI1",11.7443271023557,3.02171583563753e-07,1.64891720357642e-06,"+"
"886","ANKRD33",-11.6033446361658,3.04757454506727e-07,1.66103131807335e-06,"-"
"887","GJA1",-11.1519376727606,3.06945830558653e-07,1.66992066472171e-06,"-"
"888","TEX13C",11.254012748242,3.07080047685417e-07,1.66992066472171e-06,"+"
"889","ZNF175",12.0969110664886,3.08391299293235e-07,1.67516488671207e-06,"+"
"890","LOC200772",-9.73351260595492,3.08835081698327e-07,1.67569057249575e-06,"-"
"891","FMNL1",-11.1028347120208,3.09292004396302e-07,1.67628629543181e-06,"-"
"892","HBEGF",-11.4845875385457,3.1242193955474e-07,1.69135150909175e-06,"-"
"893","LOC101929551",10.8315880920356,3.13222539890418e-07,1.69219348655787e-06,"+"
"894","TNRC18",11.1005752351683,3.13278313725975e-07,1.69219348655787e-06,"+"
"895","ARHGAP30",-11.9117920328513,3.14576283490762e-07,1.69730600332613e-06,"-"
"896","CST7",-11.4550876085563,3.15672265205358e-07,1.70131849182664e-06,"-"
"897","OTUD5",-11.5324618544354,3.16660681873284e-07,1.70474295737579e-06,"-"
"898","INO80D",11.4029433148661,3.18072307486621e-07,1.71043560451324e-06,"+"
"899","TNPO3",-11.8873535914321,3.195075343079e-07,1.71624236170506e-06,"-"
"900","WDR45B",11.2035228690482,3.20194495106475e-07,1.71802135207685e-06,"+"
"901","EFCAB10",-11.6366010143729,3.2132171575172e-07,1.72215601039407e-06,"-"
"902","CXCL17",11.0305635079222,3.22128517801783e-07,1.7245660892071e-06,"+"
"903","ZNF644",10.4387775011765,3.25877758801752e-07,1.74077842616555e-06,"+"
"904","ABCB10",11.3505509232769,3.25586529302936e-07,1.74077842616555e-06,"+"
"905","DNAJC10",10.7825073758444,3.27257988585878e-07,1.74621969821127e-06,"+"
"906","CASR",11.5628471817251,3.28811170053756e-07,1.75257079491125e-06,"+"
"907","SLC9A9-AS1",-10.3403778812312,3.29361005843958e-07,1.75356592857825e-06,"-"
"908","NUP153",11.5628445193888,3.29921339702547e-07,1.75461470200837e-06,"+"
"909","MIR8065",10.1657868667075,3.31675245078993e-07,1.76200193452856e-06,"+"
"910","CNOT2",-10.9649723138158,3.34418260592434e-07,1.77267374357943e-06,"-"
"911","CEACAM4",11.8701264035407,3.34361856268728e-07,1.77267374357943e-06,"+"
"912","ENAH",-11.3018333732185,3.38037899799082e-07,1.78984265534934e-06,"-"
"913","LINC02412",-11.7757024342946,3.38398497480627e-07,1.78984265534934e-06,"-"
"914","CDHR5",10.8966949727464,3.39987724716755e-07,1.79555952472885e-06,"+"
"915","ABTB2",11.6083531243754,3.40223020320336e-07,1.79555952472885e-06,"+"
"916","IRF5",-11.7192763543269,3.43143687460007e-07,1.80899657941525e-06,"-"
"917","TMEM132E",-10.596521725588,3.48355517841351e-07,1.8344697880653e-06,"-"
"918","HLA-DQA1",-11.6631083979857,3.54134748128377e-07,1.8628722208191e-06,"-"
"919","MIR4456",11.4607359291672,3.57042307730314e-07,1.87612329056549e-06,"+"
"920","OPTC",11.870082118702,3.58002711519426e-07,1.8791251020949e-06,"+"
"921","LOC574538",11.7443143501882,3.59559538502159e-07,1.88524756941034e-06,"+"
"922","PIGR",11.5628007213414,3.62102234307655e-07,1.890618178264e-06,"+"
"923","SLC39A8",11.7090358415372,3.61412023619057e-07,1.890618178264e-06,"+"
"924","QPRT",-11.1348205398017,3.62149889189107e-07,1.890618178264e-06,"-"
"925","CD33",11.4607319313522,3.61457107914327e-07,1.890618178264e-06,"+"
"926","TMED5",11.3924202976246,3.64426372847968e-07,1.90044811499226e-06,"+"
"927","SPOCK3",-10.6388105758586,3.65145727542599e-07,1.90214532718793e-06,"-"
"928","ICAM4",11.2035720014908,3.66400330066559e-07,1.90662413134851e-06,"+"
"929","LOC102723729",11.3499151883216,3.67932322824136e-07,1.91253518505679e-06,"+"
"930","SERPINB2",-11.5323422433255,3.70612809773863e-07,1.92439705204085e-06,"-"
"931","CTF1",11.8343073816519,3.72785369774483e-07,1.93359887286894e-06,"+"
"932","STIMATE",11.0571948292728,3.74516072225537e-07,1.94043208816845e-06,"+"
"933","EDNRB-AS1",11.2265952991973,3.74906427471767e-07,1.94043208816845e-06,"+"
"934","GJD4",-11.0130122603335,3.7541988064703e-07,1.94100921161082e-06,"-"
"935","SPOCK1",10.8966221286447,3.77335075844797e-07,1.94882468583372e-06,"+"
"936","LOC400867",-11.6360295917827,3.77919834294581e-07,1.94975948697492e-06,"-"
"937","TRIM14",11.2408428385051,3.78603095497158e-07,1.95119994466999e-06,"+"
"938","ADAMTS3",-10.8658922779068,3.79865706666292e-07,1.95561993335983e-06,"-"
"939","EPDR1",-11.9051593129236,3.80683934939641e-07,1.95774517766084e-06,"-"
"940","LINC02130",10.7674555170566,3.83303707111738e-07,1.96912085281126e-06,"+"
"941","SH3BGRL3",-11.7739636604977,3.8643894972262e-07,1.98311762827899e-06,"-"
"942","OLFML3",-10.683333543694,3.89263067553311e-07,1.9933736513414e-06,"-"
"943","ARPP21",-10.683333543694,3.89263067553311e-07,1.9933736513414e-06,"-"
"944","NAT2",10.7003471462338,3.92781310014389e-07,2.00925947675793e-06,"+"
"945","LOC729683",10.6606858598002,3.94348976901956e-07,2.01514413699423e-06,"+"
"946","UTP14A",12.1941725713186,3.95055073194697e-07,2.01661833874967e-06,"+"
"947","MIR6760",11.5704118602402,3.99082894352214e-07,2.03502776856055e-06,"+"
"948","CLUL1",11.2991750002475,4.01337203573977e-07,2.04436429964002e-06,"+"
"949","GPC4",10.8314421641677,4.02431049398066e-07,2.04777611964517e-06,"+"
"950","CD226",11.5332704512756,4.04448169391539e-07,2.05587390525447e-06,"+"
"951","LINC02611",11.1590425975851,4.06467109929267e-07,2.0639639052034e-06,"+"
"952","EPHX3",-11.1400653167072,4.07333741294029e-07,2.06619184528242e-06,"-"
"953","SNAPIN",11.4028142062336,4.07936982058944e-07,2.06708046837633e-06,"+"
"954","CAPN13",10.5551134885608,4.08512014822767e-07,2.06782444400329e-06,"+"
"955","MIR3921",-11.9074201998041,4.13558157354402e-07,2.09117522708315e-06,"-"
"956","PMFBP1",10.6123479857582,4.1650894066039e-07,2.10389296490484e-06,"+"
"957","KLHL26",11.5627210322052,4.17414648277129e-07,2.10626471946735e-06,"+"
"958","MIR5584",11.4605983734037,4.2243763390292e-07,2.12938552621837e-06,"+"
"959","MIR4528",-10.6119801646611,4.2431097844692e-07,2.13659824287818e-06,"-"
"960","HAAO",-11.9573347938874,4.31790052112349e-07,2.17199391838597e-06,"-"
"961","TSPAN33",-11.6281221922887,4.33491060538305e-07,2.17828130212224e-06,"-"
"962","LOC100996583",10.9556130958396,4.34278584646218e-07,2.17997015099437e-06,"+"
"963","TSPO",-11.7927523753898,4.36984114925193e-07,2.19127340703401e-06,"-"
"964","THEM4",11.5122447976787,4.41021995682148e-07,2.20922740368163e-06,"+"
"965","SLC4A4",-10.6972122592313,4.47433822756185e-07,2.2383015238031e-06,"-"
"966","LINC00676",10.6123114793832,4.47753007246593e-07,2.2383015238031e-06,"+"
"967","GOSR2",10.7002443800745,4.50797355509666e-07,2.25118968951001e-06,"+"
"968","CLEC4D",10.6123084286085,4.55883730752549e-07,2.27423815682238e-06,"+"
"969","CTDSP2",11.2585942341808,4.58056563490098e-07,2.2827194479811e-06,"+"
"970","A2ML1",11.3918460382846,4.60752652760544e-07,2.29378820637182e-06,"+"
"971","KCTD21",10.5316191525251,4.63794318716384e-07,2.30655279617036e-06,"+"
"972","DHRS4-AS1",-10.6831656030927,4.64364845141245e-07,2.30701423578917e-06,"-"
"973","L1TD1",-10.4307653210997,4.66499229285246e-07,2.31285911521402e-06,"-"
"974","SCARB2",-11.9567301270711,4.66125277885327e-07,2.31285911521402e-06,"-"
"975","SZRD1",11.2034159125369,4.74870992541285e-07,2.35195079280191e-06,"+"
"976","MOAP1",-11.2703200461805,4.75785384825101e-07,2.35406518782829e-06,"-"
"977","TENT4A",-11.134550518297,4.81754434463795e-07,2.38115881681235e-06,"-"
"978","KIF26A",10.531609079826,4.84197146173886e-07,2.39078529537188e-06,"+"
"979","TARS",-11.3949286048204,4.85159049589791e-07,2.39308789629121e-06,"-"
"980","PIWIL1",-10.8878139085632,4.90648314455563e-07,2.41769460255706e-06,"-"
"981","SMG1",-11.3244887026651,4.91189401802928e-07,2.41789359970065e-06,"-"
"982","LOC101929095",10.9781049236128,4.92981850456311e-07,2.42424577989157e-06,"+"
"983","AGBL4-IT1",-10.8553565770909,4.98253766642942e-07,2.44014586967107e-06,"-"
"984","TFCP2L1",10.1030054982148,4.96777585659252e-07,2.44014586967107e-06,"+"
"985","FOXI1",-11.3180101330244,4.98741762966525e-07,2.44014586967107e-06,"-"
"986","LINC00841",10.2489122824146,4.97787852733867e-07,2.44014586967107e-06,"+"
"987","MIR6753",10.2489122824146,4.97787852733867e-07,2.44014586967107e-06,"+"
"988","CISD2",11.2264531229377,4.99874177674529e-07,2.44321093521286e-06,"+"
"989","SYNE3",-10.8864594444678,5.06953005986457e-07,2.47530441446774e-06,"-"
"990","MIR4422",10.5193582017878,5.08983695523901e-07,2.4802041026084e-06,"+"
"991","SNORA70G",10.5193582017878,5.08983695523901e-07,2.4802041026084e-06,"+"
"992","CHI3L2",10.8536897799724,5.10918234609338e-07,2.48712112391985e-06,"+"
"993","LOC101928622",9.85162310613061,5.11506134312786e-07,2.48747545075171e-06,"+"
"994","RAB3C",10.5193614411982,5.13192840747769e-07,2.49316723135913e-06,"+"
"995","MS4A6A",11.402678240505,5.13728190431633e-07,2.49325973024558e-06,"+"
"996","BASP1-AS1",11.1899005876107,5.15692684098224e-07,2.49865871157977e-06,"+"
"997","SPPL3",10.8087981526195,5.15875488806177e-07,2.49865871157977e-06,"+"
"998","SOS1",-11.7087376222114,5.26217401365937e-07,2.54607091829509e-06,"-"
"999","LINC00598",10.6998933475926,5.26718750751044e-07,2.54607091829509e-06,"+"
"1000","MIR3198-1",10.6671532196434,5.34331659464512e-07,2.58028758355413e-06,"+"
"1001","OSTF1",-10.5639532389063,5.37729885735667e-07,2.59151458903946e-06,"-"
"1002","HTR2C",-10.7558097388822,5.37404769173612e-07,2.59151458903946e-06,"-"
"1003","ARRDC1",11.5626056759735,5.39040435568697e-07,2.59524054173603e-06,"+"
"1004","KIF13B",10.5249938179435,5.40432134603552e-07,2.59934938047864e-06,"+"
"1005","SYT17",10.4403193264391,5.44983524852521e-07,2.61863228011226e-06,"+"
"1006","ETFDH",-10.8835268283474,5.49797048860229e-07,2.63830007283316e-06,"-"
"1007","ZNF706",11.4025299213872,5.5016942914537e-07,2.63830007283316e-06,"+"
"1008","HTRA3",-10.2416477638395,5.58876418446411e-07,2.6773950641644e-06,"-"
"1009","ABCC6",10.0578294937422,5.60233226644425e-07,2.68123513524869e-06,"+"
"1010","KRT17",11.4604408138556,5.63661394647512e-07,2.69497116312162e-06,"+"
"1011","C8B",9.85154395595996,5.6942779788007e-07,2.71984850243606e-06,"+"
"1012","RAP2A",-11.0126039362418,5.72865891510214e-07,2.73356659101069e-06,"-"
"1013","PHF21A",11.359957890777,5.74112971803122e-07,2.73681297219869e-06,"+"
"1014","SLC28A3",11.0890529699566,5.7627947700587e-07,2.74443155272322e-06,"+"
"1015","NR1I2",10.6265410202319,5.81265321695139e-07,2.76544851080377e-06,"+"
"1016","C12orf45",10.6265269813017,5.82566110521329e-07,2.76890920049951e-06,"+"
"1017","MIR4735",9.85152410234903,5.84928403969518e-07,2.77740340488574e-06,"+"
"1018","ARID1B",-10.5959803922664,5.87572837956077e-07,2.78721928731817e-06,"-"
"1019","SRSF3",11.4603566193495,5.9291096043765e-07,2.80978118543024e-06,"+"
"1020","EGLN1",-10.7557350763671,5.94507936074198e-07,2.81458708166892e-06,"-"
"1021","HNRNPU",-11.2961382340515,6.00064538776837e-07,2.83811132003266e-06,"-"
"1022","CSNK1G2-AS1",10.1028703623074,6.01313615998421e-07,2.8412362540669e-06,"+"
"1023","NRIP3",11.7439571648337,6.05065801734774e-07,2.85617082754372e-06,"+"
"1024","GPR142",11.2991301693582,6.15963065683637e-07,2.90477113690067e-06,"+"
"1025","PTPRT",10.6120819604467,6.27051527736281e-07,2.95417739262293e-06,"+"
"1026","LINC01526",10.2134162673485,6.31899087370259e-07,2.97411373578068e-06,"+"
"1027","ST3GAL5",11.0237498357199,6.34714455840046e-07,2.98445580063445e-06,"+"
"1028","MKNK1",-11.1020223881786,6.37700464573614e-07,2.99557932239882e-06,"-"
"1029","PRELID3B",10.6817747119091,6.44747671935003e-07,3.02574004642773e-06,"+"
"1030","ANKLE2",-11.1398359828412,6.46875568491384e-07,3.02983716803578e-06,"-"
"1031","PLVAP",-11.3177454831362,6.46449348000775e-07,3.02983716803578e-06,"-"
"1032","FBXL14",11.3774466711164,6.50472698143036e-07,3.04373319702783e-06,"+"
"1033","PABPN1L",10.4383393809016,6.55963119549877e-07,3.06645295673413e-06,"+"
"1034","VGLL4",10.4401972375817,6.58670147748647e-07,3.073157626549e-06,"+"
"1035","ARRB1",11.4599878378813,6.58253393039657e-07,3.073157626549e-06,"+"
"1036","GMPR",-11.2960648238345,6.60364636709908e-07,3.07808960489589e-06,"-"
"1037","LINC01052",-10.6828065595752,6.6507015624988e-07,3.09703354342398e-06,"-"
"1038","CAPRIN1",-11.3212941025308,6.71258811737756e-07,3.12284084959694e-06,"-"
"1039","ASGR2",10.696750310462,6.76601557905228e-07,3.14466691349793e-06,"+"
"1040","MAFA-AS1",10.7244646320654,6.77908825060393e-07,3.14771318866984e-06,"+"
"1041","ECH1",10.3707502592931,6.80741765382791e-07,3.1578309174193e-06,"+"
"1042","WASHC2A",-11.4986697607034,6.82623903734903e-07,3.16352287057183e-06,"-"
"1043","CREG2",-11.3177121533655,6.83985131533536e-07,3.16679213823149e-06,"-"
"1044","C20orf194",-10.4631266362437,6.84869777962407e-07,3.16785072584336e-06,"-"
"1045","ZNF827",11.2405572993894,6.89541393809376e-07,3.18640707244543e-06,"+"
"1046","TMEM26-AS1",-10.8124317605785,7.04236607626937e-07,3.25120322966585e-06,"-"
"1047","VIPR1-AS1",10.7394714034826,7.09789967095399e-07,3.27058754876306e-06,"+"
"1048","MED11",11.5302571688043,7.09176711868581e-07,3.27058754876306e-06,"+"
"1049","CD28",10.213338697954,7.20385045753124e-07,3.31624345656991e-06,"+"
"1050","SMS",-10.7555838524016,7.28617969223062e-07,3.35094873655064e-06,"-"
"1051","ACOX3",-10.9292461713578,7.29897523058156e-07,3.35171873863493e-06,"-"
"1052","SFT2D1",-11.7186283763397,7.30774261831033e-07,3.35171873863493e-06,"-"
"1053","PLEKHG6",-10.6381250546166,7.30867639631929e-07,3.35171873863493e-06,"-"
"1054","ERMN",-10.5129624867129,7.38003658776534e-07,3.37802812154681e-06,"-"
"1055","MIR6815",-10.4303111294317,7.37458481361048e-07,3.37802812154681e-06,"-"
"1056","EP300-AS1",-10.6826981694047,7.42510230579742e-07,3.39543740858861e-06,"-"
"1057","CPLX1",-10.8831515909049,7.58512519868393e-07,3.4653329786608e-06,"-"
"1058","FAM120AOS",10.1028555162239,7.60979300862943e-07,3.47331667662302e-06,"+"
"1059","SPATA21",10.2132732809764,7.656073648097e-07,3.49114066540703e-06,"+"
"1060","LINC01822",10.2132867881806,7.66713810024214e-07,3.49288772510088e-06,"+"
"1061","PCDH10",10.4401148001375,7.7052021249141e-07,3.50691998691896e-06,"+"
"1062","PACS1",10.611966052465,7.75289053391651e-07,3.52530210812456e-06,"+"
"1063","RHOA",11.1585842168151,7.79451039325658e-07,3.5408928211699e-06,"+"
"1064","DKFZP434K028",10.5546880257894,7.82386312868366e-07,3.55088675267043e-06,"+"
"1065","LINC01582",10.4054333206549,7.83205187671611e-07,3.55126558804339e-06,"+"
"1066","LINC01070",-10.241270117981,7.8532962330924e-07,3.55755792773013e-06,"-"
"1067","SC5D",10.6904571283319,7.94819307886753e-07,3.59717191919881e-06,"+"
"1068","ZNF423",10.1651703340705,7.96590972078012e-07,3.6018144233752e-06,"+"
"1069","GRID2",10.2485704034443,7.98675482952364e-07,3.60448963287567e-06,"+"
"1070","LOC100129027",10.2485704034443,7.98675482952364e-07,3.60448963287567e-06,"+"
"1071","LATS2",10.6668382044202,8.05707456742003e-07,3.63283035350806e-06,"+"
"1072","LIPK",-10.7996801849057,8.08900329248684e-07,3.64382433763236e-06,"-"
"1073","PRR34",11.5329271849195,8.12573163296578e-07,3.65695788029746e-06,"+"
"1074","LINC00299",11.4024145294105,8.1350201400074e-07,3.65772926034411e-06,"+"
"1075","JPH3",10.4400978830525,8.14406614941835e-07,3.6583902730736e-06,"+"
"1076","LOC105374546",-10.8830836165532,8.15595928909845e-07,3.65874232426586e-06,"-"
"1077","AARS2",11.1204083633199,8.16000307151445e-07,3.65874232426586e-06,"+"
"1078","AGAP1-IT1",-10.5128384036187,8.21328456714447e-07,3.67580641100469e-06,"-"
"1079","MIR766",11.2986453970872,8.21094450561852e-07,3.67580641100469e-06,"+"
"1080","CDH23-AS1",11.0298139897856,8.23086475373254e-07,3.680263508868e-06,"+"
"1081","MIR1267",-10.6966129128542,8.25832383723324e-07,3.68571587892785e-06,"-"
"1082","GPR68",9.29734740481786,8.25082954361088e-07,3.68571587892785e-06,"+"
"1083","NPTN-IT1",10.4053934816681,8.33025393723188e-07,3.71438561984236e-06,"+"
"1084","LINC00578",10.8084772663803,8.35059838470113e-07,3.72002210329536e-06,"+"
"1085","PCA3",10.10263289886,8.3638530886211e-07,3.72249277096325e-06,"+"
"1086","MIR5003",10.8301621638403,8.40311576178098e-07,3.73308610981052e-06,"+"
"1087","KPNB1",11.298740749344,8.39664605903553e-07,3.73308610981052e-06,"+"
"1088","RIC1",-11.4836108371619,8.43532952315673e-07,3.74395278192315e-06,"-"
"1089","RAB6A",-11.2697857290939,8.45346360840977e-07,3.7485560849413e-06,"-"
"1090","LOC100505795",10.2132038102784,8.54797260633517e-07,3.78005125604327e-06,"+"
"1091","SHANK2-AS1",10.2132038102784,8.54797260633517e-07,3.78005125604327e-06,"+"
"1092","MIR6716",10.2132038102784,8.54797260633517e-07,3.78005125604327e-06,"+"
"1093","CEP350",-10.8121219512478,8.57741615275941e-07,3.78676173988593e-06,"-"
"1094","PTH2",10.9214159621208,8.57883069669746e-07,3.78676173988593e-06,"+"
"1095","RPL26L1",-11.6353110492266,8.59601342767588e-07,3.79088117280793e-06,"-"
"1096","CYP26B1",-10.3909938307007,8.66773180037242e-07,3.81902161167869e-06,"-"
"1097","DDX39A",-9.98684767876602,8.68384947356655e-07,3.81915383495928e-06,"-"
"1098","TMSB4X",-10.7553651845827,8.67826777697395e-07,3.81915383495928e-06,"-"
"1099","VIT",10.7242963996596,8.75457960339695e-07,3.84128090917959e-06,"+"
"1100","LIF",-11.3174936230301,8.75802501761593e-07,3.84128090917959e-06,"-"
"1101","LOC101928402",10.5545992355157,8.7499271077522e-07,3.84128090917959e-06,"+"
"1102","SHCBP1",-10.595592215273,8.7802933767448e-07,3.84755324104362e-06,"-"
"1103","HIST1H4H",11.3141479602155,8.79723549800077e-07,3.8514823408745e-06,"+"
"1104","PLXNA3",-10.8651346559229,8.83284811316701e-07,3.86357097268872e-06,"-"
"1105","TBL1X",11.0298026657726,8.86037029764469e-07,3.87210209659061e-06,"+"
"1106","RANBP9",10.7394576578547,8.87988137094428e-07,3.87711999460126e-06,"+"
"1107","STOM",-11.133972646853,8.92032881909888e-07,3.88912610885924e-06,"-"
"1108","DUT",11.1203474064681,8.92348670245608e-07,3.88912610885924e-06,"+"
"1109","MAT2A",11.0297999646199,8.93815561698882e-07,3.89200662528756e-06,"+"
"1110","LOC100505658",-10.3909541559068,8.98391149238183e-07,3.90840617988395e-06,"-"
"1111","ANPEP",11.421278869777,8.99343373790669e-07,3.90902713954558e-06,"+"
"1112","LIN9",10.1340230913812,9.04727636026432e-07,3.92889366400328e-06,"+"
"1113","KLF3-AS1",-9.73227745751877,9.07519880704397e-07,3.93434350235489e-06,"-"
"1114","THAP12",-10.512742223069,9.07612064945816e-07,3.93434350235489e-06,"-"
"1115","CDX1",10.2132993822948,9.10260473657057e-07,3.9422850468968e-06,"+"
"1116","CADM2-AS2",10.3706198218736,9.11133322325532e-07,3.94252940278673e-06,"+"
"1117","ERO1B",11.1201904164193,9.2062490444825e-07,3.98003371851441e-06,"+"
"1118","MAB21L1",-10.2408539263382,9.2221211214433e-07,3.98332941819765e-06,"-"
"1119","TMPPE",10.8083899885296,9.25354109601362e-07,3.99050406037593e-06,"+"
"1120","MYO9A",10.9213826887263,9.25525895137925e-07,3.99050406037593e-06,"+"
"1121","SND1-IT1",10.9213768310459,9.27254667366206e-07,3.99439142614756e-06,"+"
"1122","NDUFA4",11.1332571844953,9.44057721758678e-07,4.06315039070647e-06,"+"
"1123","ARL2BP",11.3596554597126,9.4620065305876e-07,4.06874706466674e-06,"+"
"1124","MIR1249",11.2986253821766,9.49213364697688e-07,4.07807058552058e-06,"+"
"1125","EP300",10.6964652969431,9.53791439915613e-07,4.09409676742444e-06,"+"
"1126","LEMD3",10.8298809511874,9.65835585112283e-07,4.14211371270623e-06,"+"
"1127","KLF3",-9.98673559297945,9.70193050264815e-07,4.157109352022e-06,"-"
"1128","NPFFR1",10.7813391595688,9.73662295656994e-07,4.16621118215788e-06,"+"
"1129","MIR4724",10.8960481555066,9.74042746874352e-07,4.16621118215788e-06,"+"
"1130","FAM13A-AS1",-10.7993940054279,9.75358923820483e-07,4.16814888772488e-06,"-"
"1131","PITPNM2-AS1",-11.1045209717954,9.8463347638672e-07,4.20406282711889e-06,"-"
"1132","SDR9C7",-10.8828864728593,9.88746951807573e-07,4.21549779257602e-06,"-"
"1133","SPRY2",-10.4300116727722,9.89057568645398e-07,4.21549779257602e-06,"-"
"1134","SPATA6",10.8083510619054,9.90521571148864e-07,4.21801469759953e-06,"+"
"1135","MIR606",11.1203513167047,9.92773445812684e-07,4.22387926857221e-06,"+"
"1136","PDGFC",10.2130859181611,1.00935426040931e-06,4.29064412281388e-06,"+"
"1137","NKRF",-10.7994830632346,1.01299974021581e-06,4.30235333817249e-06,"-"
"1138","C5orf64",10.9211398751475,1.02033642732094e-06,4.32970527902709e-06,"+"
"1139","PLN",10.1024950479768,1.03153401829712e-06,4.36954190733052e-06,"+"
"1140","GDF6",10.1024950479768,1.03153401829712e-06,4.36954190733052e-06,"+"
"1141","AHCTF1",-10.3392073090397,1.03713183092367e-06,4.38940369108713e-06,"-"
"1142","EN2",-10.5633281350885,1.03940196095931e-06,4.39131414652014e-06,"-"
"1143","LRRC4C",-10.5633281350885,1.03940196095931e-06,4.39131414652014e-06,"-"
"1144","ALG10",-10.6323133795311,1.04730432259849e-06,4.42083266943015e-06,"-"
"1145","MIR4722",-10.6963720296309,1.04822131762703e-06,4.4208390766995e-06,"-"
"1146","RXFP2",10.4052352209004,1.05872717540728e-06,4.4612508988148e-06,"+"
"1147","LYPD6B",10.4398745788362,1.0638705534663e-06,4.47901560827266e-06,"+"
"1148","FAM129A",10.9212907233464,1.06904954879779e-06,4.49689919089245e-06,"+"
"1149","GRK2",10.5244206695914,1.07813926940229e-06,4.53118758219639e-06,"+"
"1150","ZFP69B",10.6997140843682,1.07918969309345e-06,4.53165828517241e-06,"+"
"1151","LOC102724301",10.1650606455145,1.08412218669844e-06,4.54841532542724e-06,"+"
"1152","PHLDA1",11.1202367550812,1.08976533843084e-06,4.56812223896052e-06,"+"
"1153","FAH",10.8082677143242,1.093163414285e-06,4.57442472060855e-06,"+"
"1154","CECR2",-10.7993750440882,1.0929247436828e-06,4.57442472060855e-06,"-"
"1155","CARD18",-10.7993880337913,1.09615728417764e-06,4.58298140718081e-06,"-"
"1156","RNU6ATAC",10.2130013497749,1.10654655045179e-06,4.62241634267449e-06,"+"
"1157","AFF3",10.4379301092783,1.11625195114341e-06,4.65892884362275e-06,"+"
"1158","STIM2",10.554460093755,1.13542867275636e-06,4.73487483656346e-06,"+"
"1159","NUDT12",10.2483238163528,1.14563598229493e-06,4.77331851466974e-06,"+"
"1160","CMTM4",9.89820488589667,1.15135317796572e-06,4.79300387620385e-06,"+"
"1161","FOXK1",10.5188122254979,1.15881793417575e-06,4.81992403456908e-06,"+"
"1162","NNAT",10.439828930616,1.16058577155684e-06,4.82312279763165e-06,"+"
"1163","ZMYM4",-10.6962684733127,1.16753137261263e-06,4.84781513185417e-06,"-"
"1164","ZNF316",10.3705555546126,1.19145393776281e-06,4.93865327507005e-06,"+"
"1165","MIR4743",10.8082262024019,1.19052478671588e-06,4.93865327507005e-06,"+"
"1166","TIGD6",-10.3390224023645,1.19546863574726e-06,4.94774835066131e-06,"-"
"1167","PNLDC1",10.7240923401559,1.19672190382531e-06,4.94774835066131e-06,"+"
"1168","SPTBN5",10.4398060098117,1.19582441842219e-06,4.94774835066131e-06,"+"
"1169","INSIG2",-11.4698756446792,1.20120888171066e-06,4.96205106054816e-06,"-"
"1170","SASH1",9.02654919385549,1.20346228078745e-06,4.96711055890821e-06,"+"
"1171","ST7",10.5245160261986,1.20874013443693e-06,4.98463373970617e-06,"+"
"1172","DISC1",-10.696219571143,1.21748349673042e-06,5.0146816247831e-06,"-"
"1173","MIR1289-2",10.2129449081121,1.21810344706369e-06,5.0146816247831e-06,"+"
"1174","SLC9A9",10.4081726223288,1.22092240944381e-06,5.02200537921991e-06,"+"
"1175","GPAM",10.2129616390578,1.226340535835e-06,5.03999867876361e-06,"+"
"1176","GPR84",-10.4297388344628,1.22958414416259e-06,5.04903217020507e-06,"-"
"1177","MYRF",-10.6321617379701,1.24773270767879e-06,5.11748706630268e-06,"-"
"1178","LINC00648",9.85100859992847,1.24943409632861e-06,5.11748706630268e-06,"+"
"1179","LINC01541",9.85100859992847,1.24943409632861e-06,5.11748706630268e-06,"+"
"1180","INTU",-10.7992326651583,1.26002482238831e-06,5.15649141297726e-06,"-"
"1181","AKAP10",-10.7994204543327,1.28149973203894e-06,5.23993412871807e-06,"-"
"1182","CASP8",11.1330735776287,1.28440089954537e-06,5.24735359044382e-06,"+"
"1183","CNDP2",10.8081568807055,1.28799698942538e-06,5.25759717830529e-06,"+"
"1184","MMP14",-10.6961627417014,1.29199141638375e-06,5.26944809942326e-06,"-"
"1185","LINC01696",-10.3389456720566,1.29883822712412e-06,5.29290278378259e-06,"-"
"1186","PDHB",10.5543090764927,1.30485530597777e-06,5.31293952155705e-06,"+"
"1187","ANKRD33B",10.4080138257907,1.30705883837606e-06,5.31742807962763e-06,"+"
"1188","RGS9",-10.5123642456966,1.30892627825226e-06,5.32054292734021e-06,"-"
"1189","ECM2",10.5543427098323,1.31130789248614e-06,5.32574080135878e-06,"+"
"1190","ICA1L",10.2128657465216,1.31875046087203e-06,5.3514672063454e-06,"+"
"1191","C1orf74",-10.6321252690311,1.32505113540402e-06,5.37252051458103e-06,"-"
"1192","PDRG1",11.4097319137624,1.34120506007228e-06,5.43345573413509e-06,"+"
"1193","BTK",10.8296656785487,1.34990382298657e-06,5.46411195406717e-06,"+"
"1194","MOB3B",-10.9286393013703,1.36853783192825e-06,5.53489881941501e-06,"-"
"1195","VKORC1L1",10.9205069574236,1.38500982419824e-06,5.59683049460527e-06,"+"
"1196","MRPL15",9.61649385163903,1.40575142201917e-06,5.67589767301889e-06,"+"
"1197","ZFAT-AS1",-10.3388423224892,1.41058908105125e-06,5.69067224093272e-06,"-"
"1198","EEPD1",10.6665175748926,1.41424737776618e-06,5.70066826981043e-06,"+"
"1199","DPP10-AS1",-10.4296715980646,1.42008338554509e-06,5.7194184060027e-06,"-"
"1200","NES",-10.8825373229246,1.42509598561566e-06,5.73482376211501e-06,"-"
"1201","KDF1",11.0494174806099,1.43281159371234e-06,5.76107176189581e-06,"+"
"1202","AGO1",-10.6319743470408,1.43723888915872e-06,5.77406538747709e-06,"-"
"1203","MIR6731",10.6961714318812,1.45164528770842e-06,5.82709484151619e-06,"+"
"1204","LOC100130264",-10.0428750751353,1.45327614010449e-06,5.82879608020314e-06,"-"
"1205","MIS18BP1",10.5542678521969,1.47445573259946e-06,5.90841846253028e-06,"+"
"1206","HM13-AS1",10.3701907451927,1.47557520517944e-06,5.90841846253028e-06,"+"
"1207","APOBEC3A",-10.6965795641854,1.47909050047344e-06,5.91758742898611e-06,"-"
"1208","MIR1202",10.1022269370853,1.48725281610815e-06,5.94531775578334e-06,"+"
"1209","KLHL18",10.829582836958,1.52042786586366e-06,6.07290832444632e-06,"+"
"1210","TSPAN18",-10.2405989510762,1.52724746821252e-06,6.09510580495725e-06,"-"
"1211","SRCIN1",10.4377562064818,1.53092050983866e-06,6.10471935756472e-06,"+"
"1212","DSC3",10.102170426936,1.54861922521614e-06,6.1701998668059e-06,"+"
"1213","RNF187",10.766714696115,1.55383913515563e-06,6.18589380351733e-06,"+"
"1214","CHD4",-10.8824303130729,1.55803392783473e-06,6.19748421541508e-06,"-"
"1215","ITPR1",10.9486353047273,1.56307451178845e-06,6.21241713368428e-06,"+"
"1216","TATDN3",-10.6966274516308,1.57820026661232e-06,6.26737589430171e-06,"-"
"1217","GAPT",-10.6318832299406,1.58254852453955e-06,6.27947972473419e-06,"-"
"1218","DISC1-IT1",9.02631167093983,1.58449797793746e-06,6.28205314898194e-06,"+"
"1219","IAH1",9.85139789344706,1.5935992332307e-06,6.30777926005824e-06,"+"
"1220","ADCY5",9.85139789344706,1.5935992332307e-06,6.30777926005824e-06,"+"
"1221","LYPD2",9.89797767499109,1.61333281213904e-06,6.3806585993607e-06,"+"
"1222","LOC105378470",10.2127178136141,1.62452082185078e-06,6.41750875364471e-06,"+"
"1223","MOB2",-10.562870591343,1.62530818092928e-06,6.41750875364471e-06,"-"
"1224","UNC5B-AS1",-10.1147479428191,1.62703542315692e-06,6.41908011309212e-06,"-"
"1225","AVIL",10.4376872591791,1.62943697217979e-06,6.42330705196423e-06,"+"
"1226","DICER1",10.8295436687381,1.63370499326101e-06,6.43487880298321e-06,"+"
"1227","RFK",10.0570816024401,1.63806955748721e-06,6.44681164882293e-06,"+"
"1228","HSD11B2",10.5242631315883,1.64869621383419e-06,6.48335017638867e-06,"+"
"1229","MYO18B",10.5540911751777,1.65626789328498e-06,6.50782559534026e-06,"+"
"1230","LINC01010",10.2480538083259,1.65832549791158e-06,6.50886714489861e-06,"+"
"1231","ZFP90",10.625846636869,1.65922871306072e-06,6.50886714489861e-06,"+"
"1232","ST7-AS2",10.6993847316601,1.67671018808791e-06,6.57210511223742e-06,"+"
"1233","PHF11",-10.631827982229,1.67939324820901e-06,6.57728304590535e-06,"-"
"1234","YPEL2",-10.6965658432358,1.68153973354899e-06,6.58035281467427e-06,"-"
"1235","DIRC3-AS1",-10.6318250842409,1.68567268733313e-06,6.59118494504588e-06,"-"
"1236","LOC101929122",11.1199428738869,1.68750759664636e-06,6.59302118463208e-06,"+"
"1237","HPGD",-10.1685270018376,1.69529429647799e-06,6.61808905229765e-06,"-"
"1238","LINCR-0001",-10.5948880619931,1.72440176242691e-06,6.72628118801254e-06,"-"
"1239","CORO2A",-10.4293634896175,1.72712122051663e-06,6.73145147205392e-06,"-"
"1240","TLDC2",-10.4619800718436,1.73157478391948e-06,6.74336663834451e-06,"-"
"1241","LOC105369443",10.1646270331628,1.74466717179724e-06,6.78887814070014e-06,"+"
"1242","WFS1",-10.885209530852,1.75810245196169e-06,6.83564954953541e-06,"-"
"1243","MAP1LC3C",10.4078160762324,1.77535809179951e-06,6.88627064066077e-06,"+"
"1244","YWHAQ",10.9159377207887,1.77631548859455e-06,6.88627064066077e-06,"+"
"1245","LOC105376480",10.9485761116458,1.77350243285881e-06,6.88627064066077e-06,"+"
"1246","CDIP1",10.7391057560374,1.77682609614067e-06,6.88627064066077e-06,"+"
"1247","MIR650",10.6960381147483,1.78164641803869e-06,6.89512563787848e-06,"+"
"1248","GRPR",10.8079857540557,1.78196661753414e-06,6.89512563787848e-06,"+"
"1249","MIR4494",10.8079732753995,1.78852411530627e-06,6.90942636225116e-06,"+"
"1250","MIR122",10.1019075958609,1.78835427683753e-06,6.90942636225116e-06,"+"
"1251","IGSF23",-9.54395565586884,1.82653207582103e-06,7.05061822073521e-06,"-"
"1252","COL22A1",9.85070755224657,1.82825819280494e-06,7.05164441937304e-06,"+"
"1253","ANKRD17",-10.4293185814555,1.83563934553463e-06,7.06882169026054e-06,"-"
"1254","LINC00379",-10.4293185814555,1.83563934553463e-06,7.06882169026054e-06,"-"
"1255","MIR1537",9.29667936711114,1.84376019151282e-06,7.09443662535092e-06,"+"
"1256","LINC00504",-9.98599860176639,1.84930433966588e-06,7.11010402567399e-06,"-"
"1257","IBA57-DT",10.4074944306491,1.85290372685765e-06,7.11827533571647e-06,"+"
"1258","FBXW5",-10.695892257319,1.85907353186431e-06,7.1363005448114e-06,"-"
"1259","MN1",9.85062959902238,1.94788165718158e-06,7.47126332210474e-06,"+"
"1260","TAX1BP1",-10.4621124609457,1.96042606748186e-06,7.51341069830943e-06,"-"
"1261","PART1",10.5184619313225,1.96343107302655e-06,7.51896007267662e-06,"+"
"1262","LPAR1",10.2126146370172,1.98991779849918e-06,7.61435265368664e-06,"+"
"1263","OLFM1",-10.1684286008981,2.00994325073286e-06,7.68488991115517e-06,"-"
"1264","ATOH8",9.76476072685844,2.0146058231977e-06,7.69662303815007e-06,"+"
"1265","ZNF736",9.85060727366971,2.01622816766876e-06,7.69673187483989e-06,"+"
"1266","NCOA1",-10.6315553641914,2.02175135672479e-06,7.7117198275071e-06,"-"
"1267","SNORA70C",-9.98691190282151,2.02914538687483e-06,7.73381458028301e-06,"-"
"1268","FKBP5",10.6992902051593,2.03335833042756e-06,7.74375976154156e-06,"+"
"1269","ZNF609",-10.4619903481054,2.05979161230249e-06,7.83392641330275e-06,"-"
"1270","ERVK13-1",10.4076876814982,2.06027884549482e-06,7.83392641330275e-06,"+"
"1271","LOC441204",10.4377538675121,2.06794364605891e-06,7.85688423825213e-06,"+"
"1272","TRIM36",10.4373168799018,2.09098866833882e-06,7.93819518821396e-06,"+"
"1273","CCL26",10.4375716719006,2.11208870161199e-06,8.01200026715186e-06,"+"
"1274","HSPA6",10.6992279594859,2.14154361060416e-06,8.11735800283162e-06,"+"
"1275","LINC01215",10.4624080809909,2.15996798523213e-06,8.15518795987958e-06,"+"
"1276","SND1",10.8077272995915,2.15942956510569e-06,8.15518795987958e-06,"+"
"1277","ELF5",-10.511848428042,2.15857004341923e-06,8.15518795987958e-06,"-"
"1278","C12orf74",-10.6369872368011,2.155887922761e-06,8.15518795987958e-06,"-"
"1279","MIR646HG",10.6959126381443,2.15525984845747e-06,8.15518795987958e-06,"+"
"1280","SYNGR2",11.1195415033839,2.18565889548655e-06,8.24573969242541e-06,"+"
"1281","MASTL",10.5540095829235,2.19787706344572e-06,8.28536170131099e-06,"+"
"1282","WAC-AS1",10.0567406332986,2.20373561822758e-06,8.30096669299607e-06,"+"
"1283","JAKMIP2-AS1",-9.98558125440603,2.21629765454529e-06,8.34177815572815e-06,"-"
"1284","PQLC3",-10.9281475562241,2.22140322342965e-06,8.35448299528177e-06,"-"
"1285","ZSCAN20",10.5540522927088,2.23669739778371e-06,8.40545660225489e-06,"+"
"1286","CTCFL",10.1333639947574,2.24026486847116e-06,8.41231652398697e-06,"+"
"1287","KL",9.85048708391103,2.24589398865149e-06,8.42690137622227e-06,"+"
"1288","MTMR10",10.6958886736892,2.24764952783221e-06,8.42694065986159e-06,"+"
"1289","XIAP",11.0229561710873,2.28694844626934e-06,8.56762920638839e-06,"+"
"1290","CPNE9",10.2566655570503,2.29243526755369e-06,8.58152705970293e-06,"+"
"1291","RPL29",9.84997917869953,2.303937723387e-06,8.60457483854278e-06,"+"
"1292","PDE1C",9.84997917869953,2.303937723387e-06,8.60457483854278e-06,"+"
"1293","PRELID3A",9.84997917869953,2.303937723387e-06,8.60457483854278e-06,"+"
"1294","CALHM3",-10.8820534602045,2.30837604617841e-06,8.61448835161945e-06,"-"
"1295","MELTF",-10.631498981466,2.32051314616343e-06,8.65202037112961e-06,"-"
"1296","PLIN2",10.8078046871239,2.32201664961358e-06,8.65202037112961e-06,"+"
"1297","CD34",10.6958768987224,2.39598322046039e-06,8.90015613200249e-06,"+"
"1298","PRDM14",-10.0423002686159,2.39312812097268e-06,8.90015613200249e-06,"-"
"1299","KLF12",-10.0423018273586,2.39434950499327e-06,8.90015613200249e-06,"-"
"1300","CARMIL3",10.8292354698762,2.39527884827929e-06,8.90015613200249e-06,"+"
"1301","CXCL8",10.6958372083089,2.42632883494908e-06,9.00595076400391e-06,"+"
"1302","CCDC17",10.8077087901357,2.45593621469973e-06,9.10884483931258e-06,"+"
"1303","LINC01474",-10.1681188782411,2.46250396499204e-06,9.12284621929323e-06,"-"
"1304","FBXO47",10.9205677486608,2.46348963966833e-06,9.12284621929323e-06,"+"
"1305","PCIF1",10.2566000854417,2.48524762731313e-06,9.19636842321462e-06,"+"
"1306","VGLL3",10.4046469885044,2.49540806955164e-06,9.2268955343529e-06,"+"
"1307","LINC02026",9.29641688703967,2.53986890307587e-06,9.38410629912272e-06,"+"
"1308","SLC6A7",-9.54352298458669,2.5626043404391e-06,9.46086877674344e-06,"-"
"1309","SUB1",-10.6961701492346,2.56646422104636e-06,9.46788061377607e-06,"-"
"1310","FRMD3",10.4374646059481,2.5685175064398e-06,9.46822216686854e-06,"+"
"1311","SRD5A3",-10.3382009146494,2.59108050218105e-06,9.54410964533355e-06,"-"
"1312","KAZN",9.29640146645502,2.6027550767373e-06,9.5798050804607e-06,"+"
"1313","RAB2A",10.4373624360479,2.60776158500808e-06,9.59092208225745e-06,"+"
"1314","CNOT6L",9.89759687063582,2.61329187234014e-06,9.60394707118003e-06,"+"
"1315","LINC00536",10.2565633632178,2.64046853556494e-06,9.69644301007079e-06,"+"
"1316","KCNIP3",10.1643126731957,2.66442793469226e-06,9.77699277859341e-06,"+"
"1317","CSNK2A1",10.1332266043633,2.66809167716088e-06,9.78300281625655e-06,"+"
"1318","SCCPDH",-10.7985369485891,2.67372144107685e-06,9.79620700983316e-06,"-"
"1319","BCHE",-10.1678442094246,2.68065402272688e-06,9.81416093688258e-06,"-"
"1320","ACTR3",10.8526523820944,2.68414333892057e-06,9.81949104821777e-06,"+"
"1321","C13orf42",-10.4289428782807,2.6900210487821e-06,9.8335440155706e-06,"-"
"1322","SLC29A4",9.89683483342656,2.69429686190562e-06,9.84172431629518e-06,"+"
"1323","KCNJ6",-10.0421893413074,2.71962833849544e-06,9.9267462181364e-06,"-"
"1324","FILNC1",10.0565811057724,2.73569856812528e-06,9.9778613183361e-06,"+"
"1325","RNF19A",11.0180410531935,2.74888112947652e-06,1.00183750748997e-05,"+"
"1326","WDR70",-10.2398836629228,2.75641465239498e-06,1.00382551707507e-05,"-"
"1327","ELAVL4",-10.0421590247335,2.76168966405995e-06,1.00498865016922e-05,"-"
"1328","FPGS",9.85038000248609,2.78117340747908e-06,1.01055578515549e-05,"+"
"1329","DSCAML1",9.85038000248609,2.78117340747908e-06,1.01055578515549e-05,"+"
"1330","HPCAL1",-10.6960490815444,2.78805005190554e-06,1.01229275944751e-05,"-"
"1331","LINC02608",-10.6313111181218,2.7925989933257e-06,1.01318260997519e-05,"-"
"1332","LAMP5",-10.4288790830426,2.82261383410707e-06,1.02330346883656e-05,"-"
"1333","KCNK7",-10.1679857764122,2.83742547542903e-06,1.02790154695025e-05,"-"
"1334","CREBRF",10.2564854875228,2.84511546698518e-06,1.02991473688692e-05,"+"
"1335","ZNF467",-11.0790758772248,2.8496211353051e-06,1.03077306834369e-05,"-"
"1336","DAB1",-10.1680108654666,2.87124740858456e-06,1.03704216425242e-05,"-"
"1337","CBR4",-9.543390711356,2.86982704884388e-06,1.03704216425242e-05,"-"
"1338","TP73-AS1",-10.0422963766369,2.93148949830568e-06,1.05800917692961e-05,"-"
"1339","PCCA",-9.98545974286913,2.96402594048886e-06,1.06895304455718e-05,"-"
"1340","CDC40",10.1331593877706,2.97549870843145e-06,1.07228979574742e-05,"+"
"1341","PGAM2",10.0565222265709,2.97816106906633e-06,1.07244890399115e-05,"+"
"1342","SNX6",10.5303835712044,3.00581810745199e-06,1.08160176161592e-05,"+"
"1343","LINC01776",-10.3380579322159,3.00906313015045e-06,1.08196320591932e-05,"-"
"1344","B9D2",10.5536888060134,3.01377236470638e-06,1.08285020455112e-05,"+"
"1345","LINC01619",9.02564782358674,3.0201464446345e-06,1.08433361941561e-05,"+"
"1346","MIEF1",11.0290504561553,3.02407463668574e-06,1.08493732693577e-05,"+"
"1347","MFAP3",-10.0420510703174,3.04677684113978e-06,1.0922706284977e-05,"-"
"1348","LOC101929117",10.2473785403944,3.05539833121437e-06,1.09454885322212e-05,"+"
"1349","MIR4535",9.61591297695947,3.11086197204921e-06,1.11359173187736e-05,"+"
"1350","CUX2",9.85027867570201,3.11359166898336e-06,1.11374327181634e-05,"+"
"1351","GLRA2",9.89691562196769,3.1309209595629e-06,1.11911305060912e-05,"+"
"1352","BICD1",10.2122832121446,3.14765563294548e-06,1.12426250380871e-05,"+"
"1353","VIPR1",-9.98537055385105,3.1991506482173e-06,1.14181067851008e-05,"-"
"1354","FOXJ3",10.1330373161992,3.21986777170762e-06,1.14835609081064e-05,"+"
"1355","LOC102724096",10.2564113954073,3.25343809045808e-06,1.15947251209019e-05,"+"
"1356","NUDT1",-10.4614909997475,3.27694905446414e-06,1.16699019056101e-05,"-"
"1357","NAGK",-9.54320714051797,3.28583979189744e-06,1.16929405711664e-05,"-"
"1358","STK38",-10.8845995001877,3.29392439255038e-06,1.17130787125374e-05,"-"
"1359","LINC02091",9.85023092255832,3.30644724193191e-06,1.17403189200656e-05,"+"
"1360","MAP3K14-AS1",9.85023092255832,3.30644724193191e-06,1.17403189200656e-05,"+"
"1361","CA12",10.1330624085892,3.45548749601152e-06,1.22605063322848e-05,"+"
"1362","CAMK2D",10.1016046831299,3.50160910772143e-06,1.24150296484484e-05,"+"
"1363","ERBIN",10.1330338497213,3.5273770436495e-06,1.24972147790047e-05,"+"
"1364","MIR6855",9.89737633550957,3.53756635351817e-06,1.2524126041891e-05,"+"
"1365","LOC102031319",10.2563678338019,3.54046412717601e-06,1.25252023957018e-05,"+"
"1366","ARFIP1",10.5237862264819,3.56442133399546e-06,1.2600725199022e-05,"+"
"1367","CHST2",-10.3378545693843,3.57147380258635e-06,1.26071980940713e-05,"-"
"1368","TTC7B",10.437163462468,3.57012172466137e-06,1.26071980940713e-05,"+"
"1369","LINC02516",-10.0419066699324,3.59355694465978e-06,1.26758849421198e-05,"-"
"1370","LINC01589",10.1330194428962,3.65316297911037e-06,1.28767328657839e-05,"+"
"1371","DCAF8L2",-10.4613753202361,3.66492507449654e-06,1.29087696460567e-05,"-"
"1372","CARMIL1",10.1329994221113,3.66906356967215e-06,1.29139270976289e-05,"+"
"1373","C21orf62",10.1331823019903,3.67379173423506e-06,1.29211509720474e-05,"+"
"1374","SLC25A10",10.553653741495,3.68025099900057e-06,1.29344483800391e-05,"+"
"1375","RCOR2",-9.98518563895954,3.72171932859211e-06,1.30673473226683e-05,"-"
"1376","GOLGA6D",9.61574586734206,3.72347689293676e-06,1.30673473226683e-05,"+"
"1377","LINC00486",-9.54307074798127,3.73393444919952e-06,1.309453119476e-05,"-"
"1378","MUC13",-10.3378019305102,3.75103995059277e-06,1.31449723667725e-05,"-"
"1379","LHFPL2",9.89746245158932,3.81809792309106e-06,1.33702645907228e-05,"+"
"1380","FOXCUT",-10.389528530586,3.82309171830862e-06,1.33780506577626e-05,"-"
"1381","ACBD3",10.0563414700437,3.85368044026296e-06,1.3475324291115e-05,"+"
"1382","MIR5583-1",9.76422599348594,3.87052475217233e-06,1.35244312794791e-05,"+"
"1383","LRRN3",-9.98500448396709,3.88924600710709e-06,1.35800209460015e-05,"-"
"1384","CIITA",10.1329658465092,3.9066826095689e-06,1.36310479202372e-05,"+"
"1385","BMS1P2",-10.3377422557767,3.91537979011522e-06,1.36515299685678e-05,"-"
"1386","CRB2",-10.0417556603095,3.93542315558787e-06,1.37016282756552e-05,"-"
"1387","PRRC2B",10.6988315055823,3.93322779858838e-06,1.37016282756552e-05,"+"
"1388","SSBP2",-10.3377288300879,3.93849391575352e-06,1.37024402875892e-05,"-"
"1389","RAMP3",10.6988630961681,4.0034986132051e-06,1.39185707726187e-05,"+"
"1390","RBM7",10.0562065164774,4.01844035725391e-06,1.39604665361001e-05,"+"
"1391","C8orf87",-9.73051851661695,4.02502531389116e-06,1.39732906116322e-05,"-"
"1392","TKTL2",9.85007860716213,4.03579218676238e-06,1.40006037858301e-05,"+"
"1393","CDKN3",10.0562852724725,4.0802418099894e-06,1.41446430010329e-05,"+"
"1394","LAMP3",-10.1675559566858,4.10402789838252e-06,1.42168943481271e-05,"-"
"1395","SLC29A1",9.89724557154756,4.11165737649692e-06,1.42331135993575e-05,"+"
"1396","FAM81B",9.61598935560731,4.12030163442178e-06,1.42528199087556e-05,"+"
"1397","LOC101927964",10.4072353638643,4.12537849961531e-06,1.42601666246545e-05,"+"
"1398","TGFBI",-10.3377253557407,4.13291432079509e-06,1.42748110256862e-05,"-"
"1399","LOC101927543",-10.1675508109787,4.13552715364154e-06,1.42748110256862e-05,"-"
"1400","CD300LD",10.2120759136357,4.14652279824584e-06,1.43025418519494e-05,"+"
"1401","ZNF79",10.2562046587913,4.17875074053162e-06,1.4403417077821e-05,"+"
"1402","MIR6730",9.8973155790558,4.23955036088762e-06,1.46025596952399e-05,"+"
"1403","ADARB2",-9.48593954704472,4.2439667921758e-06,1.4607352558387e-05,"-"
"1404","VXN",-9.98505034893371,4.25468718906735e-06,1.46338208233663e-05,"-"
"1405","RTN3",9.89723273280603,4.27809028263192e-06,1.47038419749676e-05,"+"
"1406","CTSK",-10.1136689242784,4.2871920224917e-06,1.47246445779605e-05,"-"
"1407","RAB3GAP1",-9.98506225810898,4.30283736166193e-06,1.47678760621645e-05,"-"
"1408","LINC00964",10.2576930360086,4.38816906703709e-06,1.50432525685602e-05,"+"
"1409","TPP2",-10.9274758586034,4.38930272708662e-06,1.50432525685602e-05,"-"
"1410","HLA-C",10.0564003742544,4.41651725688084e-06,1.51257885343813e-05,"+"
"1411","RIIAD1",-9.73039343106801,4.44493210341305e-06,1.52123154694413e-05,"-"
"1412","AMPD3",9.76449716557033,4.56953643373292e-06,1.56276851547424e-05,"+"
"1413","C3orf35",10.0563503201775,4.58167687102715e-06,1.56581157892357e-05,"+"
"1414","LOC101928841",10.2566194124241,4.6064974654274e-06,1.57318078221704e-05,"+"
"1415","RAD9B",10.256153607239,4.63161467790173e-06,1.58064079714399e-05,"+"
"1416","CTNNA1",-10.041551638986,4.73569955130767e-06,1.61474271449485e-05,"-"
"1417","CLDN10-AS1",-10.041627822709,4.7382282593481e-06,1.61474271449485e-05,"-"
"1418","LINC00909",10.0561750277118,4.76956817189996e-06,1.62427677729936e-05,"+"
"1419","ESR1",-9.98490725150364,4.7948888756156e-06,1.63174900495756e-05,"-"
"1420","TMCC1-AS1",10.5534625636789,4.81690696489433e-06,1.63808758686442e-05,"+"
"1421","RBFOX2",-9.98488935310851,4.85778986912854e-06,1.65082809838295e-05,"-"
"1422","PIGX",-10.1135309435201,4.87514338884847e-06,1.6555602970991e-05,"-"
"1423","RNU105B",9.76427406659563,4.91060526713025e-06,1.66643097926718e-05,"+"
"1424","PAK6",-10.3374867159589,4.99567315935149e-06,1.69410854540087e-05,"-"
"1425","CTTNBP2",10.1638574027775,5.01005161360361e-06,1.69779222751522e-05,"+"
"1426","EIF2A",-10.3374614260668,5.05936866074949e-06,1.71330233259181e-05,"-"
"1427","LINC01104",-9.98489748380187,5.10028022805277e-06,1.72353066628879e-05,"-"
"1428","LINC02497",9.76405798250072,5.10015196388637e-06,1.72353066628879e-05,"+"
"1429","DSCAM-IT1",-9.54267700461393,5.09850889503423e-06,1.72353066628879e-05,"-"
"1430","STH",9.84961697160213,5.1502277725724e-06,1.73919230166099e-05,"+"
"1431","LINC01689",-9.7302095650384,5.16029011577394e-06,1.74137253452637e-05,"-"
"1432","RANBP2",9.89709457003603,5.17656926761959e-06,1.74442798278681e-05,"+"
"1433","GSS",9.7640378027913,5.17386514098466e-06,1.74442798278681e-05,"+"
"1434","MYO10",10.1332100300733,5.21780101434053e-06,1.75709631089612e-05,"+"
"1435","NRG2",9.76404299478306,5.25694890605766e-06,1.76904573291655e-05,"+"
"1436","MIR505",-10.0413441759545,5.28040531483981e-06,1.77570175942629e-05,"-"
"1437","LINC02261",9.44467302394492,5.32633742071223e-06,1.78990141994568e-05,"+"
"1438","SGF29",9.89706601334024,5.34932870644911e-06,1.79637749119908e-05,"+"
"1439","TDRD7",10.1327444811545,5.35521727319397e-06,1.79710522670283e-05,"+"
"1440","ADCK2",9.2958061894771,5.38253259614864e-06,1.80376474023607e-05,"+"
"1441","ZNF618",9.2958061894771,5.38253259614864e-06,1.80376474023607e-05,"+"
"1442","MYT1L",9.76401964270485,5.42188248096518e-06,1.81478486516283e-05,"+"
"1443","SNORA70B",9.44467602415018,5.42375262193859e-06,1.81478486516283e-05,"+"
"1444","TSPOAP1-AS1",9.61559746885857,5.42669154130282e-06,1.81478486516283e-05,"+"
"1445","LINC01111",-9.54252650734318,5.46258750137536e-06,1.82552491654959e-05,"-"
"1446","LINC01933",-9.54266325283767,5.49174580604626e-06,1.83273258447805e-05,"-"
"1447","GNAT3",-9.54266325283767,5.49174580604626e-06,1.83273258447805e-05,"-"
"1448","SLC38A11",9.44463192365115,5.63752674882095e-06,1.87993455361732e-05,"+"
"1449","KIF5B",9.89700751516237,5.64097156386724e-06,1.87993455361732e-05,"+"
"1450","SNN",-10.6946639941609,5.68087950072476e-06,1.89062488690557e-05,"-"
"1451","DEFB115",9.29632652806216,5.67918269677826e-06,1.89062488690557e-05,"+"
"1452","RNF213",9.61536854288771,5.70453137798212e-06,1.89718884464708e-05,"+"
"1453","MIR548P",-9.98468904745298,5.79601381179378e-06,1.92628704040965e-05,"-"
"1454","GHRHR",9.29572975597783,5.82240307918293e-06,1.9323975580326e-05,"+"
"1455","FGF13",-10.0415519738912,5.81946214232906e-06,1.9323975580326e-05,"-"
"1456","LINC00211",-9.98466324118864,5.92669166724999e-06,1.96565893277131e-05,"-"
"1457","CSMD1",8.65813174727398,5.98178187225378e-06,1.98154702637975e-05,"+"
"1458","PAQR5",9.84978170965681,5.98280299122318e-06,1.98154702637975e-05,"+"
"1459","ISYNA1",10.1012131692632,6.08647364927071e-06,2.0145017993371e-05,"+"
"1460","UNC13C",-9.98461940797714,6.11500993943557e-06,2.02256047928317e-05,"-"
"1461","PCDH1",-9.48551982352328,6.14005136270211e-06,2.02945297949955e-05,"-"
"1462","ANKS1A",9.89692137234101,6.17175209439248e-06,2.03853562680036e-05,"+"
"1463","LOC101928123",9.76395622520494,6.21950112325291e-06,2.05290300233686e-05,"+"
"1464","ZPBP",-10.337248373512,6.23353109707692e-06,2.05612852922025e-05,"-"
"1465","TCP11",9.76381959071306,6.26587335965072e-06,2.06538583302071e-05,"+"
"1466","SLC26A7",-9.54241092698511,6.33005438592379e-06,2.08511818755975e-05,"-"
"1467","KMT5A",9.8968566119606,6.35761816177751e-06,2.09277015018566e-05,"+"
"1468","RAD23B",-9.54243032911653,6.36678969413227e-06,2.09436154175509e-05,"-"
"1469","NDST3",-9.7288304989044,6.38735598753935e-06,2.09969653259548e-05,"-"
"1470","PTPN18",-9.48532652474248,6.39940656542559e-06,2.1022268234313e-05,"-"
"1471","PPARG",9.61529668985632,6.43360122113968e-06,2.11202313371064e-05,"+"
"1472","NR1I3",-9.98459314810396,6.44212375699982e-06,2.1133842134886e-05,"-"
"1473","FCGR1B",9.61528020439282,6.51171050597287e-06,2.13476239194454e-05,"+"
"1474","ING1",9.76383771021559,6.60435449670626e-06,2.16366539108511e-05,"+"
"1475","CITED4",10.2559119651007,6.63214827000506e-06,2.17129789802403e-05,"+"
"1476","TMEM71",-9.54183726304647,6.65712940696539e-06,2.17799985814606e-05,"-"
"1477","MIR466",9.61516216136197,6.70198063802971e-06,2.19118920115406e-05,"+"
"1478","ABCC12",9.84969839105484,6.70964525138343e-06,2.19221088761371e-05,"+"
"1479","B4GALNT4",-9.54231492770392,6.74576401955396e-06,2.20252159908222e-05,"-"
"1480","RAB12",9.84943940808478,6.76146478793078e-06,2.20615631492688e-05,"+"
"1481","LDB1",10.695158699933,6.78719413660763e-06,2.21305607600799e-05,"+"
"1482","VPS45",-9.98451078322806,6.80158082603925e-06,2.21625059439565e-05,"-"
"1483","RNVU1-1",9.76382082375831,6.88045565919092e-06,2.24043967486399e-05,"+"
"1484","MIR3672",-9.72987288676461,6.88537669719655e-06,2.2405312716147e-05,"-"
"1485","LZTS1",9.29559235980301,6.94260474171154e-06,2.25763220860101e-05,"+"
"1486","MIR3938",-9.48533939903322,6.98259288749869e-06,2.26758177900008e-05,"-"
"1487","NXPH1",-9.48533939903322,6.98259288749869e-06,2.26758177900008e-05,"-"
"1488","NATD1",9.61522244600276,7.05937489925105e-06,2.29097589976366e-05,"+"
"1489","PIK3C2A",-9.72983780564785,7.07187479850744e-06,2.2934911619874e-05,"-"
"1490","DHRS9",-9.54250013932169,7.1052306102344e-06,2.30276232327664e-05,"-"
"1491","LINC01600",9.7637981548909,7.12568665395665e-06,2.30784311549005e-05,"+"
"1492","ULK4",-9.48548744235691,7.15365677824131e-06,2.31534910067877e-05,"-"
"1493","TM2D1",9.44455747692762,7.18253952573761e-06,2.32314021230991e-05,"+"
"1494","TULP1",-9.54223570656343,7.28526981863222e-06,2.35241079934783e-05,"-"
"1495","SUGCT",-9.54223570656343,7.28526981863222e-06,2.35241079934783e-05,"-"
"1496","TUT7",9.29553946422718,7.28765076791128e-06,2.35241079934783e-05,"+"
"1497","MIR3681HG",-9.54223214362063,7.3289635845249e-06,2.36011685450221e-05,"-"
"1498","FEZF2",-9.54223214362063,7.3289635845249e-06,2.36011685450221e-05,"-"
"1499","IQCE",9.61522249389281,7.3231360416069e-06,2.36011685450221e-05,"+"
"1500","LEPROTL1",10.2558218050212,7.33107326931729e-06,2.36011685450221e-05,"+"
"1501","DZIP1L",-10.3370483901809,7.3939298729363e-06,2.37876664599663e-05,"-"
"1502","PPP2R5C",-10.3370915513317,7.41051416129148e-06,2.38251483920616e-05,"-"
"1503","MRC2",10.1325026327782,7.48957897149375e-06,2.40633245863894e-05,"+"
"1504","PLOD2",8.65792074495626,7.52728299426683e-06,2.41683840287995e-05,"+"
"1505","GLI3",-9.72976159059779,7.61699247232374e-06,2.44401705307982e-05,"-"
"1506","NPSR1",-9.48528957352916,7.67864359224804e-06,2.45900606876849e-05,"-"
"1507","LOC100130548",9.61521032504169,7.67780851334271e-06,2.45900606876849e-05,"+"
"1508","LOC100131315",-9.54216947994487,7.67898354049054e-06,2.45900606876849e-05,"-"
"1509","LOC105616981",9.44438217680478,7.77321681662032e-06,2.48753240606094e-05,"+"
"1510","RYK",9.29547694413231,7.80877608426647e-06,2.4972569344982e-05,"+"
"1511","MYH15",9.44436476457213,7.81798492365729e-06,2.49854726646863e-05,"+"
"1512","DYNC1I2",-9.72971089390987,7.87877335032148e-06,2.5163092929036e-05,"-"
"1513","FAM156B",10.0556988394033,7.94816629801757e-06,2.53679412115842e-05,"+"
"1514","C19orf33",-9.72981810691485,7.98715401806356e-06,2.54755394671261e-05,"-"
"1515","KIF13A",9.29545290790656,8.01073620792179e-06,2.55338911868345e-05,"+"
"1516","HEG1",9.61524768820932,8.04140356637569e-06,2.56147347111004e-05,"+"
"1517","NKAIN2",-9.5421156727283,8.0524064066222e-06,2.56328744479754e-05,"-"
"1518","SYT10",9.89675715480421,8.08874288610465e-06,2.57315806304343e-05,"+"
"1519","TMEM244",9.6151195675545,8.14573857823818e-06,2.58958338343069e-05,"+"
"1520","CREB5",-9.54209387711541,8.17285860706285e-06,2.59649567194122e-05,"-"
"1521","WDR72",9.02488265868476,8.23341772658844e-06,2.61401539787611e-05,"+"
"1522","EPC2",9.4444353743516,8.27386070914579e-06,2.62512965600953e-05,"+"
"1523","KCNT1",9.61497003279343,8.31837395375746e-06,2.63751988330235e-05,"+"
"1524","GIHCG",10.1324506472315,8.32886598400921e-06,2.63911376881762e-05,"+"
"1525","GBE1",-9.54205772118025,8.34218229172629e-06,2.64159988765549e-05,"-"
"1526","LRP1B",9.44430160821291,8.3501854973192e-06,2.64240142637971e-05,"+"
"1527","TES",-10.3369118430734,8.37696134239025e-06,2.64913859347757e-05,"-"
"1528","SNCG",-9.54205932456425,8.40035706447332e-06,2.65479870839932e-05,"-"
"1529","BMP5",-9.48509424822625,8.41900440847292e-06,2.65721387506639e-05,"-"
"1530","LOC105372273",-9.48509424822625,8.41900440847292e-06,2.65721387506639e-05,"-"
"1531","MKRN1",9.44435116499442,8.47147324725626e-06,2.67202771463099e-05,"+"
"1532","LINC00374",-9.48517070134737,8.58069315090097e-06,2.70471065441911e-05,"-"
"1533","LGI2",9.29540684948747,8.59909269638968e-06,2.70697644269007e-05,"+"
"1534","ZNF117",9.29540684948747,8.59909269638968e-06,2.70697644269007e-05,"+"
"1535","LINC01725",9.8961388520604,8.60519662477147e-06,2.70713319224895e-05,"+"
"1536","CAPN14",-9.5421791992472,8.63101384364594e-06,2.71348736008895e-05,"-"
"1537","LZTS1-AS1",9.29544775979393,8.64477185534463e-06,2.7160444560481e-05,"+"
"1538","PIGV",-10.0408602011357,8.67895163440586e-06,2.72501023683654e-05,"-"
"1539","ZFR",10.0557180963376,8.71541243735732e-06,2.73356889485791e-05,"+"
"1540","NPVF",9.44428820520353,8.71753178314596e-06,2.73356889485791e-05,"+"
"1541","SP9",-9.54194630481576,8.84061221021408e-06,2.77036446224035e-05,"-"
"1542","MIR145",9.4442387985788,8.98486630238039e-06,2.81374315007749e-05,"+"
"1543","SCN10A",9.61485545613887,9.04085636500794e-06,2.82944234521214e-05,"+"
"1544","MC1R",-8.95066061686718,9.15962708464311e-06,2.86475642433559e-05,"-"
"1545","LOC100505549",9.44423941036023,9.18355790439263e-06,2.87038194953476e-05,"+"
"1546","ZMIZ2",9.44422511047492,9.19944539493849e-06,2.87163036924098e-05,"+"
"1547","MPHOSPH6",9.44422511047492,9.19944539493849e-06,2.87163036924098e-05,"+"
"1548","PTPN13",9.76359097219446,9.23599876975356e-06,2.88117816919509e-05,"+"
"1549","EPAS1",-9.54221145295853,9.29012029052243e-06,2.89619050244886e-05,"-"
"1550","PTBP2",-9.5423607187015,9.3020599261356e-06,2.89804176666509e-05,"-"
"1551","HACD4",9.44420904554125,9.36918829916595e-06,2.91707352009493e-05,"+"
"1552","IL12B",-9.54191946390265,9.38808151035191e-06,2.92107252664236e-05,"-"
"1553","EDIL3",-9.72966208314863,9.40355208103811e-06,2.92253433671388e-05,"-"
"1554","NNMT",-9.72961705451588,9.40488374250026e-06,2.92253433671388e-05,"-"
"1555","KRT36",-10.0407605078288,9.47961519272782e-06,2.94386249296994e-05,"-"
"1556","MAN1C1",-10.1127735170024,9.49897149000777e-06,2.94728443506025e-05,"-"
"1557","MTERF1",9.84943496626142,9.50284088918784e-06,2.94728443506025e-05,"+"
"1558","MIR205HG",9.02474671704334,9.6432427449758e-06,2.9889100908529e-05,"+"
"1559","CNTN5",-8.95053314147415,9.68782192704329e-06,3.00080128837024e-05,"-"
"1560","LYSMD3",-9.5417765976972,9.74560784908739e-06,3.01676540405404e-05,"-"
"1561","LINC01793",-9.54186288419818,9.83733528720473e-06,3.04320897513848e-05,"-"
"1562","DHFR2",-9.72944248545455,9.85863553814441e-06,3.0462076579614e-05,"-"
"1563","LINC02444",9.44417247695002,9.85964499770897e-06,3.0462076579614e-05,"+"
"1564","PPIAL4C",-9.5417641986541,9.89758524287828e-06,3.05597436942834e-05,"-"
"1565","LHFPL3",9.29527545457135,1.00190006956321e-05,3.0895117726186e-05,"+"
"1566","LINC01548",9.29527545457135,1.00190006956321e-05,3.0895117726186e-05,"+"
"1567","C3orf67",9.0249621587854,1.00506539536799e-05,3.09729469957371e-05,"+"
"1568","LOC101927845",-9.72940906606032,1.01188820416353e-05,3.11434553085131e-05,"-"
"1569","ARNTL",9.61491511119308,1.01130799928187e-05,3.11434553085131e-05,"+"
"1570","LINC01561",9.61491586970694,1.01345465432677e-05,3.11717995270318e-05,"+"
"1571","CHRNB4",-10.0404574338849,1.01854709901917e-05,3.13084910322315e-05,"-"
"1572","FXYD6-FXYD2",-9.54176830076811,1.02396259587708e-05,3.14549324140611e-05,"-"
"1573","LINC01608",-8.95048718846998,1.02839138846924e-05,3.15508387224775e-05,"-"
"1574","AANAT",10.1633425306377,1.02832503550921e-05,3.15508387224775e-05,"+"
"1575","ARHGAP23",9.02466438242475,1.03055426096275e-05,3.15971208012008e-05,"+"
"1576","YTHDF2",-8.95051515157517,1.05102045656124e-05,3.2204173761004e-05,"-"
"1577","PRDM2",9.76348656899144,1.05729556603784e-05,3.23648061348828e-05,"+"
"1578","GNG4",9.02456478962654,1.05760331498954e-05,3.23648061348828e-05,"+"
"1579","MIR3923",-8.95013274320727,1.06177067951083e-05,3.2471758146661e-05,"-"
"1580","ENOSF1",9.4441127773723,1.06626912751334e-05,3.25886937769741e-05,"+"
"1581","GRIFIN",9.44429364328922,1.09262999026942e-05,3.3373246192353e-05,"+"
"1582","PQLC1",9.61482817613444,1.10333794107949e-05,3.36790070636717e-05,"+"
"1583","EMB",8.65753895051057,1.10598742880817e-05,3.37385552350894e-05,"+"
"1584","SYF2",9.61485083570078,1.11512971085923e-05,3.39959682685558e-05,"+"
"1585","LOC100505588",9.44395476277687,1.11806013432235e-05,3.40638005592595e-05,"+"
"1586","C14orf180",9.29514254923284,1.13721792651645e-05,3.46256328319541e-05,"+"
"1587","MSX1",9.44404795072428,1.13834792685107e-05,3.4638198731971e-05,"+"
"1588","TRIM71",9.29493047527048,1.13938888461666e-05,3.46480410819513e-05,"+"
"1589","LINC01150",9.29515507782017,1.14534275188177e-05,3.48071752601452e-05,"+"
"1590","MIR634",9.29514928722757,1.15195907790817e-05,3.49862288504312e-05,"+"
"1591","KCNH1",-9.48469454154995,1.15377662611958e-05,3.50194049499147e-05,"-"
"1592","CNPY3",-9.98388843728399,1.15735846071437e-05,3.51060553190307e-05,"-"
"1593","LOC105369438",9.29514183304633,1.15848784214217e-05,3.51182535449124e-05,"+"
"1594","LGALS3",9.44407637481229,1.16477794363229e-05,3.52867797352594e-05,"+"
"1595","PGM2",10.0555560568117,1.16777502284027e-05,3.5355395519095e-05,"+"
"1596","TRIM59",-8.9504601072641,1.1709007377502e-05,3.54278174348104e-05,"-"
"1597","MIR4635",9.29514392438908,1.17756656635442e-05,3.56071944203225e-05,"+"
"1598","DAD1",-9.54167096441768,1.18494561079467e-05,3.57855056568321e-05,"-"
"1599","FMR1-AS1",-9.54167096441768,1.18494561079467e-05,3.57855056568321e-05,"-"
"1600","INHBB",-8.95029613755832,1.18733244731839e-05,3.58351774256283e-05,"-"
"1601","VWC2",8.65746812835713,1.19170511595325e-05,3.59446846029873e-05,"+"
"1602","DIP2A",-9.54158575443041,1.2056418624557e-05,3.63423505230871e-05,"-"
"1603","HASPIN",9.89636672151089,1.20641421305194e-05,3.63429459440287e-05,"+"
"1604","PDLIM4",9.29512114814536,1.21129320576701e-05,3.64671751287337e-05,"+"
"1605","MERTK",9.89634090040347,1.21250743864685e-05,3.64809870481347e-05,"+"
"1606","HSPA13",9.61477902651538,1.21903691266905e-05,3.66546030590215e-05,"+"
"1607","CRKL",9.76339887845227,1.22505744481655e-05,3.68127094027325e-05,"+"
"1608","LINC02027",9.29509217700299,1.23606499901027e-05,3.71203848272426e-05,"+"
"1609","LINC01262",-8.95022382696449,1.24026384777611e-05,3.72233320131188e-05,"-"
"1610","CD300C",9.29508768879,1.25423297129365e-05,3.75958474138861e-05,"+"
"1611","RASL10A",9.29508768879,1.25423297129365e-05,3.75958474138861e-05,"+"
"1612","RASA2",-9.54157132098206,1.2647565705069e-05,3.78877759241801e-05,"-"
"1613","SLC20A1",-9.98374691956986,1.26804051642309e-05,3.7962601697502e-05,"-"
"1614","PRSS27",9.44395503339667,1.27385911557949e-05,3.81131701928956e-05,"+"
"1615","ADGB",9.44399998247816,1.27825470435697e-05,3.82210028937451e-05,"+"
"1616","ZNF354A",9.29506040025128,1.281354289367e-05,3.8232825422406e-05,"+"
"1617","MIR4668",-9.54195039757206,1.28213898961316e-05,3.8232825422406e-05,"-"
"1618","PDHX",9.6147509053383,1.28260876339403e-05,3.8232825422406e-05,"+"
"1619","CHMP4B",9.44394877739941,1.28256379208312e-05,3.8232825422406e-05,"+"
"1620","C2CD2",9.44394877739941,1.28256379208312e-05,3.8232825422406e-05,"+"
"1621","BNIP2",9.8966456437559,1.28686967963963e-05,3.83361732447859e-05,"+"
"1622","KAT6B",9.02460241640928,1.29376355960287e-05,3.85177819317033e-05,"+"
"1623","EVX1",-8.95027423463991,1.29805561946633e-05,3.8597971591151e-05,"-"
"1624","STMN2",9.44436083286912,1.29754814522931e-05,3.8597971591151e-05,"+"
"1625","SMARCD3",9.61473109519527,1.30941547158805e-05,3.89117988449151e-05,"+"
"1626","GAS8-AS1",9.02440349290601,1.31744642388089e-05,3.91263762664256e-05,"+"
"1627","RNF182",9.76340987359163,1.32041265540837e-05,3.91903670127045e-05,"+"
"1628","MRO",9.89637809007599,1.32782678646427e-05,3.93862134633657e-05,"+"
"1629","RERE-AS1",9.29500564982467,1.33548193584952e-05,3.95889642002292e-05,"+"
"1630","RARRES1",-9.72919320450035,1.33654897979093e-05,3.95962884871803e-05,"-"
"1631","DCC",-8.95013169410841,1.33893051007765e-05,3.96425225822501e-05,"-"
"1632","SLBP",9.61474211674642,1.34585795179871e-05,3.98232110860046e-05,"+"
"1633","VPS41",9.44367801554887,1.35466509937864e-05,4.00592637164695e-05,"+"
"1634","FGD3",-9.72911208546192,1.36031890378764e-05,4.02018359020228e-05,"-"
"1635","STARD8",9.02443461780965,1.37282040109972e-05,4.05464814489942e-05,"+"
"1636","KCND2",9.0244406855041,1.37591381388046e-05,4.05881967454412e-05,"+"
"1637","ARHGAP8",9.0244406855041,1.37591381388046e-05,4.05881967454412e-05,"+"
"1638","THSD7B",9.02408223565155,1.38398799228564e-05,4.07516952118741e-05,"+"
"1639","MIR592",9.02408223565155,1.38398799228564e-05,4.07516952118741e-05,"+"
"1640","ZC3H12C",9.02408223565155,1.38398799228564e-05,4.07516952118741e-05,"+"
"1641","FRMD4B",9.02447839665218,1.3885330167155e-05,4.08606090049917e-05,"+"
"1642","ADGRA2",-9.48436431752422,1.42428980447958e-05,4.18873049076242e-05,"-"
"1643","FAM20C",-9.54144927011721,1.43257471542119e-05,4.21053152816125e-05,"-"
"1644","MINPP1",-9.54133549689392,1.44212848993754e-05,4.23603313741387e-05,"-"
"1645","KIT",-9.54136741710511,1.45860944949646e-05,4.28183892499598e-05,"-"
"1646","CDC42EP4",9.29494786861142,1.45963292318224e-05,4.28224021023514e-05,"+"
"1647","PLXNA2",9.0243888342679,1.46590415537833e-05,4.29541939704003e-05,"+"
"1648","LINC02398",9.29494074400035,1.46589107542746e-05,4.29541939704003e-05,"+"
"1649","KANK4",8.65725593343772,1.48016070459235e-05,4.3345640039275e-05,"+"
"1650","SIX2",9.29492886969833,1.49211519177659e-05,4.36692379459948e-05,"+"
"1651","LOC101928211",-8.94995528351601,1.5055509545922e-05,4.39824897745053e-05,"-"
"1652","MYEOV",-8.94995528351601,1.5055509545922e-05,4.39824897745053e-05,"-"
"1653","NTM",-8.94995528351601,1.5055509545922e-05,4.39824897745053e-05,"-"
"1654","OLFM3",-8.94994115415115,1.51335089609796e-05,4.41036299170612e-05,"-"
"1655","TPO",-8.94994115415115,1.51335089609796e-05,4.41036299170612e-05,"-"
"1656","MIR5006",-8.94994115415115,1.51335089609796e-05,4.41036299170612e-05,"-"
"1657","NELFCD",-9.983595836319,1.51140962437245e-05,4.41036299170612e-05,"-"
"1658","LINC02534",8.65723852784242,1.51435001746842e-05,4.41061292783777e-05,"+"
"1659","CCDC83",9.02434254656658,1.52700283952484e-05,4.44478403379473e-05,"+"
"1660","BATF",-9.48436270033448,1.53166180319993e-05,4.4556595467786e-05,"-"
"1661","PRR19",-8.94980572863242,1.53972803460321e-05,4.47642786219079e-05,"-"
"1662","PIK3R2",9.29500093935203,1.54336790437441e-05,4.48431023479183e-05,"+"
"1663","LINC00399",9.61459119389412,1.57149944168259e-05,4.56330174617272e-05,"+"
"1664","LYNX1",9.61458540758544,1.57483523770646e-05,4.57024000173348e-05,"+"
"1665","MIR4716",-9.54125798387875,1.58939485761463e-05,4.60972238283546e-05,"-"
"1666","PSEN1",-10.1122052460052,1.59153884411218e-05,4.61316991489658e-05,"-"
"1667","MIR6763",9.02436646309104,1.59338026260798e-05,4.6140941706608e-05,"+"
"1668","OIP5-AS1",9.02438077731556,1.59472420187055e-05,4.6140941706608e-05,"+"
"1669","MIR1-1HG",9.02438077731556,1.59472420187055e-05,4.6140941706608e-05,"+"
"1670","SYT1",9.02412723882686,1.60430142290262e-05,4.63902489293218e-05,"+"
"1671","NOD1",9.29486736424197,1.60839617997449e-05,4.64808207845411e-05,"+"
"1672","EPB41",-9.54121176431995,1.61066245307708e-05,4.65184747961077e-05,"-"
"1673","EXD3",9.29486717699726,1.61367270035553e-05,4.65775580993236e-05,"+"
"1674","PPFIBP2",-8.94984353156804,1.62870551085959e-05,4.69833865707346e-05,"-"
"1675","EXTL3-AS1",9.44382443081957,1.63302004568688e-05,4.70700938337418e-05,"+"
"1676","LINC00251",9.29485857188721,1.63366074270762e-05,4.70700938337418e-05,"+"
"1677","KMT2E",9.61459052074666,1.66388415165743e-05,4.79123230074761e-05,"+"
"1678","HTR1B",9.29480905814656,1.67219265934016e-05,4.81228745646818e-05,"+"
"1679","LINC01845",9.02424905262139,1.68056097237106e-05,4.83348953876109e-05,"+"
"1680","YTHDC1",9.44373077003727,1.69002241560087e-05,4.85780847912894e-05,"+"
"1681","RFTN1",9.29482601924211,1.6953170404306e-05,4.87012848794728e-05,"+"
"1682","LOC101928453",9.02417815801068,1.69686887253419e-05,4.87168833856576e-05,"+"
"1683","UBQLN1",9.29483089898394,1.70001026988441e-05,4.87780724496244e-05,"+"
"1684","TMEM117",8.65712164174156,1.70932366151367e-05,4.90161755430493e-05,"+"
"1685","AURKA",9.02414150465003,1.71838902972353e-05,4.92468879794358e-05,"+"
"1686","DDHD1",9.6139380560838,1.72065199211666e-05,4.92824938904587e-05,"+"
"1687","RASGEF1C",-8.94973322505996,1.72348155897737e-05,4.93342765163114e-05,"-"
"1688","SLC22A15",9.29480402856344,1.74603684788678e-05,4.99089796933697e-05,"+"
"1689","GREM2",-8.94974857560459,1.74665926033951e-05,4.99089796933697e-05,"-"
"1690","NUBP1",-8.94974857560459,1.74665926033951e-05,4.99089796933697e-05,"-"
"1691","DMRTB1",8.65710077438839,1.75546913180353e-05,5.01245579377913e-05,"+"
"1692","PTENP1-AS",9.89609416349627,1.75627981012099e-05,5.01245579377913e-05,"+"
"1693","ZCCHC4",-9.48418377067754,1.75772920972806e-05,5.01362926980318e-05,"-"
"1694","LOC100129434",8.65706938454458,1.77652324635727e-05,5.06424483864183e-05,"+"
"1695","MBOAT2",9.61416154512654,1.78402607991184e-05,5.08263241291698e-05,"+"
"1696","SUFU",-9.72870933197292,1.7878920918237e-05,5.09064322607114e-05,"-"
"1697","SNRK-AS1",9.2954374039183,1.79111226653445e-05,5.09680679734522e-05,"+"
"1698","CDV3",8.65705615750113,1.8284240812589e-05,5.19991748433407e-05,"+"
"1699","LINC00470",-9.54104045589402,1.8297924218224e-05,5.20074608886426e-05,"-"
"1700","MIR548BB",9.02417048187826,1.84311856364054e-05,5.23246298872438e-05,"+"
"1701","PCDH7",9.02417048187826,1.84311856364054e-05,5.23246298872438e-05,"+"
"1702","GALK1",9.29474387762053,1.85108472731947e-05,5.2519906863841e-05,"+"
"1703","NEURL1B",9.02416992010472,1.85310272629149e-05,5.25462892851534e-05,"+"
"1704","MON2",-8.9496602277272,1.86061585092883e-05,5.27283682167567e-05,"-"
"1705","ARMC3",9.02415079468876,1.88410250506983e-05,5.33626451435907e-05,"+"
"1706","MTF1",-9.98336774787511,1.89649626039315e-05,5.36821831268378e-05,"-"
"1707","SNX16",9.44354185959416,1.91375482707195e-05,5.41389693024631e-05,"+"
"1708","LINC02159",8.6571102563884,1.91498255147843e-05,5.41419832616473e-05,"+"
"1709","CDCA4",9.44362867011773,1.92007611335514e-05,5.42542279192042e-05,"+"
"1710","LOC101928266",9.29476026826005,1.92590490093149e-05,5.43871038982349e-05,"+"
"1711","PANK2",9.02412754574599,1.93464370816932e-05,5.46019548027449e-05,"+"
"1712","ROBO2",8.65690927670129,1.94017292627303e-05,5.47260225524091e-05,"+"
"1713","INPP4B",-8.94972205411015,1.95876215242604e-05,5.52181111153843e-05,"-"
"1714","LDHAL6B",9.61440841828481,1.96275944820497e-05,5.52985144421341e-05,"+"
"1715","MIR6514",-8.94957686997782,1.96401347510856e-05,5.53015805906662e-05,"-"
"1716","ST3GAL4",-8.94957741632821,1.97399873341541e-05,5.55503489723952e-05,"-"
"1717","CXCR2",9.29468597023711,1.98043956996301e-05,5.56991420113649e-05,"+"
"1718","COMP",8.65698049825411,1.98565061534129e-05,5.58131945371543e-05,"+"
"1719","LOC101927549",-9.54097657971481,1.98681946109039e-05,5.58135612426149e-05,"-"
"1720","SORBS1",9.02407988425802,1.99302507763341e-05,5.59228245199984e-05,"+"
"1721","ARNT2",9.02407988425802,1.99302507763341e-05,5.59228245199984e-05,"+"
"1722","SLITRK6",-8.94956557467578,1.99651977097792e-05,5.59883506042531e-05,"-"
"1723","IGSF21",9.0241037711826,2.00669318387703e-05,5.62083607015208e-05,"+"
"1724","TMEM38B",9.0241037711826,2.00669318387703e-05,5.62083607015208e-05,"+"
"1725","PRPF18",8.65691166585508,2.01554593117351e-05,5.64236017486197e-05,"+"
"1726","DIPK2A",-8.94961444322278,2.0302184930799e-05,5.68014200642111e-05,"-"
"1727","INO80C",9.29467317005155,2.04168106382614e-05,5.7089043759215e-05,"+"
"1728","SETX",-8.94950931804949,2.06910206596082e-05,5.78223025261852e-05,"-"
"1729","FAM20B",9.44357429651483,2.07797822035076e-05,5.8036765911358e-05,"+"
"1730","ANKRD13A",9.44355432025654,2.09080649234949e-05,5.8361297985871e-05,"+"
"1731","LINC00365",8.65784426037423,2.09570926837685e-05,5.84643561929048e-05,"+"
"1732","LINC01030",8.65686897901779,2.10003720874575e-05,5.85512683662426e-05,"+"
"1733","TMEM121B",9.2946397307162,2.10514791704072e-05,5.86598920449487e-05,"+"
"1734","COL24A1",-9.54090083721542,2.11012161020424e-05,5.87645747155494e-05,"-"
"1735","PDIA6",9.02404727620473,2.12606610599946e-05,5.91744854517083e-05,"+"
"1736","PRKD1",-8.94948854591092,2.13922888969365e-05,5.95065455549e-05,"-"
"1737","CNOT4",9.2946108436821,2.1664975693499e-05,6.02303785975284e-05,"+"
"1738","LINC01451",8.65666276335075,2.16965214303177e-05,6.02833728348701e-05,"+"
"1739","ANKRD13B",9.76290861779476,2.21264090517045e-05,6.14071432820007e-05,"+"
"1740","TRIOBP",9.29468589363288,2.21136929931681e-05,6.14071432820007e-05,"+"
"1741","FNIP1",-8.94941264891427,2.2189838391551e-05,6.15124739338691e-05,"-"
"1742","LUZP2",-8.94941264891427,2.2189838391551e-05,6.15124739338691e-05,"-"
"1743","ZRANB1",9.44348954807187,2.23087032301299e-05,6.18064990810654e-05,"+"
"1744","LINC01950",9.29461948432135,2.25234503368226e-05,6.23656775668097e-05,"+"
"1745","LINC00900",9.29454067564716,2.278177676489e-05,6.30448137522372e-05,"+"
"1746","NOTCH2",-8.94930943982758,2.29814974862972e-05,6.35610832539113e-05,"-"
"1747","FLII",-9.54076526615763,2.32542537254448e-05,6.42786440985534e-05,"-"
"1748","FHL1",9.0239476753559,2.34104656641359e-05,6.46734203044121e-05,"+"
"1749","NRGN",9.02395441293482,2.34402034469656e-05,6.47185491397352e-05,"+"
"1750","F2RL2",-8.94924779114286,2.36060619978032e-05,6.51392419356523e-05,"-"
"1751","TIGD3",-9.72840692613676,2.36846883140885e-05,6.53188805646679e-05,"-"
"1752","SCLT1",9.02389819010274,2.38579298082424e-05,6.57215875892769e-05,"+"
"1753","TIMD4",9.02389819010274,2.38579298082424e-05,6.57215875892769e-05,"+"
"1754","NAPG",9.29451717822134,2.41270603986802e-05,6.64250710748158e-05,"+"
"1755","LINC01478",-8.94917626360324,2.42136244512968e-05,6.66254088178416e-05,"-"
"1756","GALNT2",9.29450941465131,2.42676667385312e-05,6.67360835309607e-05,"+"
"1757","SLC45A4",8.65680409186396,2.4393604430558e-05,6.70442320974186e-05,"+"
"1758","PTCHD3",9.29445221212247,2.45490126108102e-05,6.74329817392506e-05,"+"
"1759","SDK2",9.02393856009449,2.46583228548251e-05,6.76947362512509e-05,"+"
"1760","ITGB2-AS1",9.61413929145048,2.48231856770347e-05,6.81086157013639e-05,"+"
"1761","MUS81",9.29452096270843,2.51125030763325e-05,6.88633034387335e-05,"+"
"1762","SMYD2",8.6567088109231,2.55647953571119e-05,6.99447007249253e-05,"+"
"1763","LINC02270",8.6567088109231,2.55647953571119e-05,6.99447007249253e-05,"+"
"1764","ARHGAP42",8.6567088109231,2.55647953571119e-05,6.99447007249253e-05,"+"
"1765","SMURF2P1-LRRC37BP1",8.6567088109231,2.55647953571119e-05,6.99447007249253e-05,"+"
"1766","LINC01037",8.65670187374316,2.56904594037228e-05,7.0010851275721e-05,"+"
"1767","EPHA3",8.65670187374316,2.56904594037228e-05,7.0010851275721e-05,"+"
"1768","MIR1263",8.65670187374316,2.56904594037228e-05,7.0010851275721e-05,"+"
"1769","CDH9",8.65670187374316,2.56904594037228e-05,7.0010851275721e-05,"+"
"1770","LINC02148",8.65670187374316,2.56904594037228e-05,7.0010851275721e-05,"+"
"1771","PCLO",8.65670187374316,2.56904594037228e-05,7.0010851275721e-05,"+"
"1772","ALG10B",8.65670187374316,2.56904594037228e-05,7.0010851275721e-05,"+"
"1773","LTBP2",9.02382159467132,2.5757285695832e-05,7.01533742950777e-05,"+"
"1774","SORCS1",-8.94923244895764,2.57810389935194e-05,7.01784877675903e-05,"-"
"1775","LRGUK",9.02389574399236,2.58261911529318e-05,7.02617899028212e-05,"+"
"1776","GPRIN3",-8.94924931920121,2.59464933073902e-05,7.05493334354657e-05,"-"
"1777","LOC101927421",9.02384998161294,2.60427439918579e-05,7.07711934365121e-05,"+"
"1778","CPT2",9.02385018361051,2.61655872735747e-05,7.10650286524702e-05,"+"
"1779","MIR3139",-8.94969088384404,2.62278227605002e-05,7.1194016925495e-05,"-"
"1780","NOV",-8.94910062259059,2.62627653278036e-05,7.1248816723575e-05,"-"
"1781","ANXA6",-8.94911089855943,2.64475347726406e-05,7.17097952931394e-05,"-"
"1782","GPR141",-9.48364190278981,2.64840994619775e-05,7.17686399000502e-05,"-"
"1783","RAVER2",-8.94921649942825,2.65460022206744e-05,7.18960430306431e-05,"-"
"1784","LINC00971",8.65669246264281,2.69862727770448e-05,7.30474838791196e-05,"+"
"1785","GADL1",9.29443706245884,2.75919124190295e-05,7.46032167253604e-05,"+"
"1786","TOX2",9.29434407115996,2.75879645781843e-05,7.46032167253604e-05,"+"
"1787","FZD7",9.02380019435143,2.79158465091336e-05,7.54368342432044e-05,"+"
"1788","MIR8066",-8.94908234389918,2.79793182720096e-05,7.55660670780392e-05,"-"
"1789","ELMO2",-8.94906704148236,2.80197258666235e-05,7.56328989435019e-05,"-"
"1790","UBR3",8.65654886377799,2.84475661778164e-05,7.66164512396406e-05,"+"
"1791","LINC01471",8.65654886377799,2.84475661778164e-05,7.66164512396406e-05,"+"
"1792","NR2F1",9.0229252710879,2.84203259539309e-05,7.66164512396406e-05,"+"
"1793","EYS",8.65654886377799,2.84475661778164e-05,7.66164512396406e-05,"+"
"1794","PIK3C2G",8.65661400282828,2.87081901811689e-05,7.72752789213293e-05,"+"
"1795","LINC01248",8.65660181288797,2.90358416826769e-05,7.8026755417722e-05,"+"
"1796","DSTN",8.65660181288797,2.90358416826769e-05,7.8026755417722e-05,"+"
"1797","FUNDC1",8.65660181288797,2.90358416826769e-05,7.8026755417722e-05,"+"
"1798","LOC101929380",9.44316490911683,2.92794941228188e-05,7.86377514566696e-05,"+"
"1799","LINC01876",-8.94901101671369,2.9331915063717e-05,7.87347514411838e-05,"-"
"1800","LINC01160",-8.94896878882147,2.94767154224129e-05,7.90355684479911e-05,"-"
"1801","CERK",8.65659687897655,2.94679183713016e-05,7.90355684479911e-05,"+"
"1802","LCORL",8.65658603154568,2.9624542281372e-05,7.93438240026319e-05,"+"
"1803","CKMT2",8.65658603154568,2.9624542281372e-05,7.93438240026319e-05,"+"
"1804","MACROD1",-9.54032806267019,2.96516044597724e-05,7.93722826697567e-05,"-"
"1805","DAB1-AS1",8.6566321787969,2.97748082831897e-05,7.95257462386744e-05,"+"
"1806","MIR4778",8.6566321787969,2.97748082831897e-05,7.95257462386744e-05,"+"
"1807","BRINP1",8.6566321787969,2.97748082831897e-05,7.95257462386744e-05,"+"
"1808","MIR4312",9.29433664433963,2.97362457931967e-05,7.95257462386744e-05,"+"
"1809","ZPLD1",-8.94898145646058,2.98316080773204e-05,7.954881854453e-05,"-"
"1810","MCUR1",-8.94853605107058,2.98328660973584e-05,7.954881854453e-05,"-"
"1811","LINC01243",-8.94896359923969,2.98301038738705e-05,7.954881854453e-05,"-"
"1812","OPRD1",-8.94897027314923,2.98883286172967e-05,7.96527256583476e-05,"-"
"1813","TMCC1",9.29431005302828,3.04416170274405e-05,8.10824978629399e-05,"+"
"1814","LOC101928201",9.02382506885419,3.05739771225761e-05,8.13901518880486e-05,"+"
"1815","LINC01376",8.65670845743229,3.14616867394368e-05,8.36150166564337e-05,"+"
"1816","LINC02037",8.65670845743229,3.14616867394368e-05,8.36150166564337e-05,"+"
"1817","LOC100507468",8.65670845743229,3.14616867394368e-05,8.36150166564337e-05,"+"
"1818","KLHL29",8.65651612128758,3.18598998803189e-05,8.45802399791424e-05,"+"
"1819","CYP7B1",8.65651612128758,3.18598998803189e-05,8.45802399791424e-05,"+"
"1820","MATN1",-8.94888709952506,3.21807686491518e-05,8.53851273663483e-05,"-"
"1821","S100Z",9.29449267626222,3.24030900306623e-05,8.59277988786756e-05,"+"
"1822","SPSB1",8.65651399891952,3.27527702651697e-05,8.68074245941298e-05,"+"
"1823","ZC3HAV1L",9.02355268600801,3.34063332340463e-05,8.84910494718647e-05,"+"
"1824","METTL9",8.6564717693248,3.35925824047755e-05,8.89356252372046e-05,"+"
"1825","LDB2",8.65645859781845,3.37275550734881e-05,8.91951607063932e-05,"+"
"1826","CELF4",8.65645859781845,3.37275550734881e-05,8.91951607063932e-05,"+"
"1827","IPO11-LRRC70",8.65644894719495,3.41840518287644e-05,9.03529207887811e-05,"+"
"1828","CAMK2B",8.65631762767927,3.43676366827903e-05,9.07884669262551e-05,"+"
"1829","INSR",-8.9487500620724,3.44603836906992e-05,9.09837030302824e-05,"-"
"1830","SPIC",8.65642444638632,3.45260265976209e-05,9.11072035190773e-05,"+"
"1831","PAX7",8.6563345883172,3.4755168231119e-05,9.16117398406514e-05,"+"
"1832","UBE3A",8.6563345883172,3.4755168231119e-05,9.16117398406514e-05,"+"
"1833","HTR4",9.29431014300338,3.49084344890736e-05,9.19302256435857e-05,"+"
"1834","GDF1",9.29420224211774,3.4914067887831e-05,9.19302256435857e-05,"+"
"1835","LINC01493",8.65650932222172,3.49331421940633e-05,9.19303235177829e-05,"+"
"1836","PAQR8",9.02360553645366,3.50666763177116e-05,9.22314705545911e-05,"+"
"1837","LINC01884",8.65631122929916,3.53354789910685e-05,9.27781479556315e-05,"+"
"1838","LINC02353",8.65631122929916,3.53354789910685e-05,9.27781479556315e-05,"+"
"1839","GM2A",9.44310751583726,3.53517996599305e-05,9.27781479556315e-05,"+"
"1840","BLACE",8.65631122929916,3.53354789910685e-05,9.27781479556315e-05,"+"
"1841","FAM166B",9.44312932623239,3.53705881934806e-05,9.27781479556315e-05,"+"
"1842","CDH6",9.02357306778283,3.55953782603306e-05,9.33170909984454e-05,"+"
"1843","RBL2",9.29411348750196,3.56453515358961e-05,9.33973969434846e-05,"+"
"1844","DTWD1",-8.94871939705319,3.59586691401195e-05,9.41672523197598e-05,"-"
"1845","ZNF778",9.2941733088093,3.60454442636999e-05,9.43433335227136e-05,"+"
"1846","C1orf140",-8.94890292952899,3.61767136432402e-05,9.46356176507079e-05,"-"
"1847","PDS5B",-8.9488700502236,3.63829882803718e-05,9.51236872798676e-05,"-"
"1848","LINC01310",8.65637912041298,3.64337861561548e-05,9.52049531104282e-05,"+"
"1849","MIR4713",9.29416654392297,3.65659900349159e-05,9.54987376303996e-05,"+"
"1850","GALNT14",9.44308220369486,3.67502096125058e-05,9.59279795777247e-05,"+"
"1851","PLD1",8.6563739520538,3.69366906065192e-05,9.63626574494227e-05,"+"
"1852","MIR5586",-9.48320295221643,3.70724997750247e-05,9.66647415840142e-05,"-"
"1853","DNM3OS",8.6563677251323,3.71949295165628e-05,9.68793498573257e-05,"+"
"1854","SPACA9",8.6563677251323,3.71949295165628e-05,9.68793498573257e-05,"+"
"1855","TBL1XR1",8.65628870341809,3.77331458080198e-05,9.82282270118209e-05,"+"
"1856","LINC01065",8.65634771663642,3.7912004790654e-05,9.86060973634898e-05,"+"
"1857","RBM39",8.65634774337449,3.79191391186582e-05,9.86060973634898e-05,"+"
"1858","MIR3686",8.65591772235672,3.80115826829348e-05,9.87932899762606e-05,"+"
"1859","DMRTA2",9.02351650217353,3.8241932993796e-05,9.93385123329968e-05,"+"
"1860","LINC01940",9.02352244520723,3.82852105978987e-05,9.93974634286306e-05,"+"
"1861","APBA2",8.65636226948422,3.84973611683204e-05,9.98945497484252e-05,"+"
"1862","LOC102724927",9.02350172253348,3.86749637886491e-05,0.000100301503832109,"+"
"1863","LINC01781",8.65632528443917,3.87068456054228e-05,0.000100330304577878,"+"
"1864","CDH23",9.29405803320472,3.91026532152954e-05,0.000101301884322243,"+"
"1865","LINC02032",-8.94859461542671,3.94706537588573e-05,0.00010220042198473,"-"
"1866","DYNC1LI1",-8.94856027112244,4.02043718971954e-05,0.000104044432953675,"-"
"1867","LOC100507377",8.65629178387591,4.0296016315779e-05,0.000104225743325601,"+"
"1868","LINC01341",8.6562918239764,4.05142090802297e-05,0.00010473400195312,"+"
"1869","ST6GALNAC3",8.65628554185436,4.05397857836486e-05,0.000104744047912916,"+"
"1870","STARD4",8.65627831333015,4.07340513708409e-05,0.000105133476253229,"+"
"1871","FAM83B",8.65627831333015,4.07340513708409e-05,0.000105133476253229,"+"
"1872","HDAC2",8.65636157657815,4.1330894241435e-05,0.000106616927506351,"+"
"1873","RBMS1",-8.9485210630313,4.15300742712025e-05,0.000107073533718973,"-"
"1874","SLITRK1",-8.94884034756718,4.18991058882225e-05,0.000107967333155937,"-"
"1875","HMX1",8.65623524064669,4.24785428131e-05,0.000109402071063712,"+"
"1876","NRP2",8.65620381976238,4.36672195616476e-05,0.000112403519863111,"+"
"1877","VPS9D1",9.02339479896341,4.39839262574087e-05,0.000113158433615891,"+"
"1878","EIF4G3",-8.94842941388804,4.41081996379573e-05,0.000113417729526995,"-"
"1879","CHIC2",-8.94842861762476,4.4235395441761e-05,0.000113684260025686,"-"
"1880","NDUFA10",8.65623116380796,4.55190134234498e-05,0.000116920912671191,"+"
"1881","MEMO1",9.29395987445978,4.59969633448295e-05,0.000118085771394036,"+"
"1882","MIR3144",-8.94825763668521,4.68739942351329e-05,0.000120273389033718,"-"
"1883","DCAF4L2",8.65587845521905,4.72673996064505e-05,0.000121218413541981,"+"
"1884","ADAMTS20",8.65612928683723,4.8564012161414e-05,0.000124477502509272,"+"
"1885","ZNF354C",9.02335616830294,4.86094472070623e-05,0.000124527862367588,"+"
"1886","CEBPD",-8.94801298964425,4.87812938510626e-05,0.000124901838815897,"-"
"1887","LINC01815",8.65609003328583,4.93282738844188e-05,0.000126235418435537,"+"
"1888","FGF18",8.65610401665267,4.9701355552735e-05,0.000127122799769151,"+"
"1889","IGFBP4",8.65606977865539,4.97634892413773e-05,0.000127214340681107,"+"
"1890","PEX5L-AS2",8.65598542634294,5.2228173622467e-05,0.000133444365303118,"+"
"1891","BLOC1S3",-8.94818668373745,5.25102610444374e-05,0.000134094156839549,"-"
"1892","YWHAB",8.65602292560099,5.2842629565246e-05,0.000134871595227576,"+"
"1893","NAALADL2",8.65601893827687,5.36255757365449e-05,0.000136797625584667,"+"
"1894","CCDC154",8.65599426348369,5.45051013175128e-05,0.000138967863918833,"+"
"1895","SEMA6D",-8.94809220085707,5.51122651718049e-05,0.000140441756472109,"-"
"1896","BRD1",8.65596905678682,5.58427186530968e-05,0.000142228105683441,"+"
"1897","NEB",8.65596848141948,5.63896835515811e-05,0.000143545483326613,"+"
"1898","LOC100506551",8.6559704764871,5.65748917799912e-05,0.000143941070814319,"+"
"1899","PCCB",8.65593378319321,5.76964659827592e-05,0.000146717342933515,"+"
"1900","C12orf42",8.65594164111066,5.79149157126031e-05,0.000147195330513769,"+"
"1901","BORCS5",-8.94802767932311,5.86506053081721e-05,0.000148986729633437,"-"
"1902","MIR3935",8.65590401461673,5.90997316447984e-05,0.000150048687756431,"+"
"1903","ATP11A",8.65588456146336,5.92186800946368e-05,0.000150271679546506,"+"
"1904","CRK",9.29370335360828,5.92881056925365e-05,0.000150368835288476,"+"
"1905","RAI14",8.65577949768567,6.0840430357953e-05,0.000154224901941499,"+"
"1906","RAD52",8.65590419711898,6.15233868601104e-05,0.000155874310150825,"+"
"1907","HNRNPLL",9.02307121643341,6.1658910825568e-05,0.000156135752688342,"+"
"1908","FMN1",8.65586859390442,6.18166886560968e-05,0.000156453243983381,"+"
"1909","FAP",8.65586045106221,6.23319790786918e-05,0.000157674765306969,"+"
"1910","DNAJC1",-8.94789174627975,6.43774212942799e-05,0.000162763647869151,"-"
"1911","CCK",8.65574536910265,6.49601447397554e-05,0.000164150988460638,"+"
"1912","ACTR3-AS1",8.65575987434913,6.53040583511171e-05,0.000164933733147251,"+"
"1913","LINC00970",8.655812001535,6.54105522408236e-05,0.00016511633913797,"+"
"1914","PIEZO1",8.655805872625,6.55238278940684e-05,0.000165315864629287,"+"
"1915","VENTXP1",8.65577236572711,6.57045068523743e-05,0.000165685150699799,"+"
"1916","MITF",8.65579082798595,6.61077621997739e-05,0.00016661502278847,"+"
"1917","TFRC",9.0230013704968,6.62113623194383e-05,0.000166789081189654,"+"
"1918","MIR802",8.65586483889093,6.64944937107567e-05,0.000167414968784799,"+"
"1919","LINC00410",8.65575376609099,6.71482018434809e-05,0.000168972728870333,"+"
"1920","MIR6499",8.65575897157868,6.90471684878867e-05,0.000173660821160419,"+"
"1921","COL9A3",8.65577795250534,7.03659641877793e-05,0.000176885601802596,"+"
"1922","NTRK2",8.65570655461066,7.18952887743894e-05,0.000180635977883208,"+"
"1923","RGS18",8.65569908034517,7.29450489239714e-05,0.000183178180579229,"+"
"1924","CCNG2",8.65575871290856,7.30628827265871e-05,0.000183283460096981,"+"
"1925","LINC00838",8.65569061000123,7.30446097481642e-05,0.000183283460096981,"+"
"1926","CDC14A",8.65571646925532,7.35782896977284e-05,0.000184480561241086,"+"
"1927","ZNF654",8.65517408737256,7.59338177658179e-05,0.000190287704198824,"+"
"1928","GNB4",8.65564641042648,7.76426008874249e-05,0.000194468941745526,"+"
"1929","PKIA",8.65564177828035,8.04085800277653e-05,0.000201292396554732,"+"
"1930","MIR378A",8.65559980335882,8.11747206047721e-05,0.000203105039274842,"+"
"1931","FCRL1",8.65561467938296,8.12442971883459e-05,0.000203173853507262,"+"
"1932","MICU1",8.65559384832856,8.1541542026118e-05,0.000203811649298201,"+"
"1933","ATP6V1E2",8.6555620665784,8.58736268354796e-05,0.00021452857940431,"+"
"1934","FXYD4",8.65550779782242,8.71930634168814e-05,0.000217712152657766,"+"
"1935","IL17RC",8.65538905512257,8.72619091786902e-05,0.000217771451898654,"+"
"1936","HP1BP3",8.65553190392881,8.81287661859149e-05,0.000219821183838731,"+"
"1937","ACTRT2",8.65548983716003,8.93184974416378e-05,0.000222673734716401,"+"
"1938","LOC100506388",8.65550687918387,9.02867710393215e-05,0.000224971525979816,"+"
"1939","LOC339862",8.65554334169627,9.14911356477239e-05,0.00022785492214691,"+"
"1940","MYBPH",8.65539631206083,9.96904069160032e-05,0.000248146894328546,"+"
"1941","ZC3H12D",8.6553184524434,0.000103041530769719,0.000256356286495091,"+"
"1942","KIF14",8.65521226256443,0.000115604133849449,0.000287462596477336,"+"
"1943","PSMA6",8.65504400658855,0.000126763897691269,0.000315050366418497,"+"
"1944","LYZ",8.65492402215184,0.000141735053143768,0.000352077454542827,"+"
"1945","ODF3B",8.65509485095622,0.000144415483683307,0.000358551347407039,"+"
"1946","CARHSP1",8.65525274828391,0.000151272771750553,0.000375383460834235,"+"
"1947","RARA-AS1",-6.24302194924091,0.00330033068105679,0.0081855659264629,"-"
